"K20_1M10" "K20_1M2" "K20_1S10" "K20_1S2" "K20_2M10" "K20_2M2" "K20_2S10" "K20_2S2" "K20_3M10" "K20_3M2" "K20_3S10" "K20_3S2" "K21_1M10" "K21_1M2" "K21_1S10" "K21_1S2" "K21_2M10" "K21_2M2" "K21_2S10" "K21_2S2" "K21_3M10" "K21_3M2" "K21_3S10" "K21_3S2" "K22_1M10" "K22_1M2" "K22_1S10" "K22_1S2" "K22_2M10" "K22_2M2" "K22_2S10" "K22_2S2" "K22_3M10" "K22_3M2" "K22_3S10" "K22_3S2"
"K20_1M10" 0 0.361880101348809 0.364074210635585 0.390612341044303 0.334552439393818 0.381323952730082 0.369644681135667 0.398370852033673 0.327472029446341 0.371670496366715 0.356530017385273 0.374401400185783 0.523402313085205 0.546609582483215 0.532545447040055 0.565144772700879 0.525973238469201 0.53989308316349 0.542353637866466 0.570227587083004 0.512606715035501 0.537915143264446 0.525056235437523 0.548897867678909 0.528394195727539 0.585823891160258 0.547198902387266 0.592504110390739 0.553225375507952 0.584574609617067 0.558671648076574 0.590487099284973 0.548857892063964 0.578375162962629 0.545456661356994 0.601129092446005
"K20_1M2" 0.361880101348809 0 0.377267292428761 0.375325042714545 0.360743235337127 0.371453536480695 0.386207790634047 0.382074200320699 0.356679973849033 0.370596987443172 0.379338066947184 0.374420153442513 0.534747441284231 0.548156337129142 0.534680492514411 0.565329489550515 0.529640293347556 0.537278650498494 0.538983869404204 0.561599083714466 0.531691843915126 0.544344034160013 0.530560559239001 0.539663901965367 0.548115207328902 0.590642602831992 0.563105744638658 0.596398214052239 0.568258579148006 0.589797347504727 0.567024641774285 0.589998021061976 0.559983707890576 0.592229024809323 0.55727600926802 0.604965938035305
"K20_1S10" 0.364074210635585 0.377267292428761 0 0.396643261169773 0.3671616075337 0.384597929236054 0.374165878745285 0.388472302812478 0.367951234026106 0.387211839489666 0.375607905285316 0.383235821205959 0.52756671351225 0.555442732395661 0.515009430124776 0.567980463281452 0.533309754876479 0.546421479096064 0.527635525830282 0.561678796358393 0.527152566417316 0.54323861889356 0.523067121700244 0.541119397394365 0.531549079403772 0.592738209391284 0.544902710039847 0.590766692489269 0.558788690653327 0.590882386954803 0.56098343261013 0.582707431581027 0.552436281432331 0.586409997400184 0.550195316121265 0.595090475154603
"K20_1S2" 0.390612341044303 0.375325042714545 0.396643261169773 0 0.377454048406632 0.375828052846371 0.399062822961357 0.386559617676663 0.380913722395064 0.374396936038716 0.399039923651472 0.363722026053143 0.541246252109611 0.551967877119387 0.54054617111308 0.562122809061785 0.535721738927357 0.543897890145131 0.542535381213865 0.559238927780857 0.535681848094337 0.553171119315247 0.529016525525562 0.547205616032867 0.561905980874928 0.599459619816363 0.565091875632938 0.596899989476038 0.575939966337067 0.596158596285366 0.570745363953791 0.593260583603983 0.564865054903691 0.59535129165882 0.564260003485487 0.603373508768273
"K20_2M10" 0.334552439393818 0.360743235337127 0.3671616075337 0.377454048406632 0 0.380568187941542 0.366633877126055 0.387212801234076 0.328987977777291 0.372290469584644 0.370239198850345 0.37331308131724 0.527416946676686 0.556127157258546 0.537166183041892 0.568916310587987 0.530261146236702 0.553040625567008 0.545605132195343 0.571195868750584 0.523943437387117 0.54896829881399 0.526969396938833 0.555286967279377 0.531445354205898 0.59651271543687 0.545152490583612 0.601052734118635 0.558431974523578 0.586154162674316 0.560116549756418 0.593339292597714 0.551258882725488 0.580257032091464 0.552695743396854 0.606065760081156
"K20_2M2" 0.381323952730082 0.371453536480695 0.384597929236054 0.375828052846371 0.380568187941542 0 0.396391239715845 0.380517594771239 0.370846524304932 0.37324300104781 0.400570159932471 0.370726647180382 0.527878479657164 0.533566770906124 0.524122800774046 0.55084155706727 0.519357441226515 0.527480393479316 0.533105623040996 0.551306551595627 0.5195029881462 0.532690877865992 0.518617450895901 0.533986921389824 0.539739896558271 0.578393646342274 0.550064567766622 0.586731656954927 0.564358570254015 0.574780034193149 0.558619958574743 0.580180064833905 0.546641273678243 0.580864395786611 0.55241543597338 0.589710188848627
"K20_2S10" 0.369644681135667 0.386207790634047 0.374165878745285 0.399062822961357 0.366633877126055 0.396391239715845 0 0.403713441385646 0.357747231592205 0.387260703529616 0.367738468785833 0.388021568186434 0.545106220577966 0.56564753697217 0.538244840737418 0.580904043008787 0.547941067291971 0.564220265297979 0.547480609654022 0.576731810022269 0.536748077126234 0.564413925029812 0.537526704366194 0.564099460102571 0.546840810415089 0.604710073934724 0.560485837282561 0.603025223023228 0.579368489929568 0.60104572764002 0.571459276793669 0.601089130024243 0.562799210985344 0.603156855118503 0.567309153271364 0.612698309509637
"K20_2S2" 0.398370852033673 0.382074200320699 0.388472302812478 0.386559617676663 0.387212801234076 0.380517594771239 0.403713441385646 0 0.382154027967786 0.382964281793708 0.407975881535206 0.366518106915993 0.520114272895349 0.533662925010727 0.523420093699534 0.542391487665049 0.514439371953397 0.527421770717178 0.529031428631244 0.537331433923923 0.516892969108138 0.527920215324816 0.504223596419069 0.521713241303067 0.541944716071329 0.580311738474234 0.53856926663259 0.587750724656629 0.56261206912454 0.574227686126913 0.553288186238908 0.576564938792866 0.548277120589144 0.578279570634341 0.543014447790601 0.588594121293562
"K20_3M10" 0.327472029446341 0.356679973849033 0.367951234026106 0.380913722395064 0.328987977777291 0.370846524304932 0.357747231592205 0.382154027967786 0 0.364250089936678 0.356860749059099 0.371322101436025 0.527505896255058 0.542988969656426 0.52978765717552 0.560690011407385 0.524818304411412 0.542243153061377 0.53469152170159 0.565733237920854 0.517195172305256 0.542169500451458 0.528454567368292 0.553343487902009 0.530239915305611 0.585723432694994 0.546401109808949 0.59501373064257 0.553516037582171 0.585767200421909 0.558207291288989 0.590889458339759 0.54713595966256 0.582144591842296 0.551319654124481 0.602817738921218
"K20_3M2" 0.371670496366715 0.370596987443172 0.387211839489666 0.374396936038716 0.372290469584644 0.37324300104781 0.387260703529616 0.382964281793708 0.364250089936678 0 0.389239052012598 0.375136509578987 0.531311817325601 0.542990187128173 0.53830466729571 0.563873899296839 0.530967725470206 0.536299114771505 0.540840515382072 0.566750607746623 0.527850950106868 0.539283994406147 0.526740835746649 0.55043635448186 0.544294633937004 0.594947360476953 0.558595580744601 0.60223493397558 0.569571817453542 0.593148416814284 0.578116145361404 0.596569250523476 0.561925006829417 0.595249696964074 0.566392609783193 0.60745980597368
"K20_3S10" 0.356530017385273 0.379338066947184 0.375607905285316 0.399039923651472 0.370239198850345 0.400570159932471 0.367738468785833 0.407975881535206 0.356860749059099 0.389239052012598 0 0.390927305924053 0.539913767586904 0.561759529120242 0.535556267140379 0.579130534758268 0.541003925899546 0.551723260800925 0.54097705525779 0.57635181779797 0.531170648502501 0.558599076940558 0.524974458936074 0.555614462163536 0.542941627525844 0.597918948436611 0.548622307667798 0.590196348500694 0.576049536697702 0.596643765963055 0.569473485365362 0.595237534645 0.562014713948639 0.593144772825835 0.561962483224658 0.607000303470925
"K20_3S2" 0.374401400185783 0.374420153442513 0.383235821205959 0.363722026053143 0.37331308131724 0.370726647180382 0.388021568186434 0.366518106915993 0.371322101436025 0.375136509578987 0.390927305924053 0 0.537135174190096 0.544950020216307 0.532313104855999 0.553473331733812 0.528539873793721 0.540771683118875 0.539671298490105 0.551580675907425 0.527997660258054 0.542687068737161 0.52441858085749 0.535991409032582 0.550633624948926 0.595199740811736 0.554835117293572 0.602244101304437 0.571390863251407 0.59439610726685 0.569181018450387 0.59075865369839 0.560891262355192 0.591108563220415 0.559693582617647 0.601073741627443
"K21_1M10" 0.523402313085205 0.534747441284231 0.52756671351225 0.541246252109611 0.527416946676686 0.527878479657164 0.545106220577966 0.520114272895349 0.527505896255058 0.531311817325601 0.539913767586904 0.537135174190096 0 0.391980767550379 0.381145005165764 0.403936665637465 0.373556376407642 0.402900553425696 0.391627444975564 0.412190669564211 0.372433107961909 0.390793557099736 0.401642359900241 0.418720290868251 0.447378892407497 0.469349651030184 0.452845596981888 0.487404963593977 0.457966778096251 0.466023481077494 0.456687976410488 0.476457685541061 0.450784197337276 0.466683436715583 0.459705942375743 0.481891822023617
"K21_1M2" 0.546609582483215 0.548156337129142 0.555442732395661 0.551967877119387 0.556127157258546 0.533566770906124 0.56564753697217 0.533662925010727 0.542988969656426 0.542990187128173 0.561759529120242 0.544950020216307 0.391980767550379 0 0.412458722717088 0.397150209857363 0.394263099399151 0.382414432449309 0.422732564941242 0.408930176102551 0.38833819713879 0.38271329447804 0.419393534556004 0.415589672530989 0.476804249432724 0.463695174248088 0.479989124548368 0.480857093962628 0.482411138405046 0.465804464290539 0.481267044656505 0.477976826457104 0.472493140137596 0.476817925465288 0.477936273893679 0.478600738958165
"K21_1S10" 0.532545447040055 0.534680492514411 0.515009430124776 0.54054617111308 0.537166183041892 0.524122800774046 0.538244840737418 0.523420093699534 0.52978765717552 0.53830466729571 0.535556267140379 0.532313104855999 0.381145005165764 0.412458722717088 0 0.412926132091047 0.395509818556822 0.412917810213038 0.386221551378413 0.423615415477897 0.391792625750086 0.404629004052888 0.402319501224526 0.423454134077665 0.449502362696867 0.481736784868986 0.45564331950532 0.477881374235454 0.462488433755173 0.469948720691573 0.45367839492139 0.470469971440865 0.448445040060611 0.480543908561233 0.446439974473327 0.473900854911508
"K21_1S2" 0.565144772700879 0.565329489550515 0.567980463281452 0.562122809061785 0.568916310587987 0.55084155706727 0.580904043008787 0.542391487665049 0.560690011407385 0.563873899296839 0.579130534758268 0.553473331733812 0.403936665637465 0.397150209857363 0.412926132091047 0 0.406285175330271 0.394322591454907 0.423366347100087 0.402979779283519 0.404222661494409 0.384710622811211 0.418340641924976 0.403428126301507 0.483779247766986 0.478981906643239 0.479053349673263 0.480049778244785 0.487780950162453 0.467151958071734 0.486895444411458 0.479099542106144 0.475283458724776 0.476411083978029 0.463430055652538 0.474130362014599
"K21_2M10" 0.525973238469201 0.529640293347556 0.533309754876479 0.535721738927357 0.530261146236702 0.519357441226515 0.547941067291971 0.514439371953397 0.524818304411412 0.530967725470206 0.541003925899546 0.528539873793721 0.373556376407642 0.394263099399151 0.395509818556822 0.406285175330271 0 0.397341436353586 0.389089895014262 0.413440705182599 0.368101180890008 0.398625236674148 0.398379098131606 0.42059316040499 0.454130970619779 0.475937187107774 0.460315667968213 0.48393079438807 0.463799956996153 0.46881802402223 0.463064340965807 0.478666657882806 0.451829590674532 0.469715485033043 0.455604727417136 0.487274505388996
"K21_2M2" 0.53989308316349 0.537278650498494 0.546421479096064 0.543897890145131 0.553040625567008 0.527480393479316 0.564220265297979 0.527421770717178 0.542243153061377 0.536299114771505 0.551723260800925 0.540771683118875 0.402900553425696 0.382414432449309 0.412917810213038 0.394322591454907 0.397341436353586 0 0.410101017876959 0.403853458298216 0.389571006347188 0.381980372110136 0.412339862047153 0.401614950856833 0.469840564725513 0.467160731786581 0.477413750327418 0.480541299704828 0.484534150381593 0.464757762435084 0.487372062029231 0.470790316909859 0.473525971547828 0.475013292532031 0.469585168660652 0.476999292162761
"K21_2S10" 0.542353637866466 0.538983869404204 0.527635525830282 0.542535381213865 0.545605132195343 0.533105623040996 0.547480609654022 0.529031428631244 0.53469152170159 0.540840515382072 0.54097705525779 0.539671298490105 0.391627444975564 0.422732564941242 0.386221551378413 0.423366347100087 0.389089895014262 0.410101017876959 0 0.420604360531233 0.392066854240736 0.411054633478407 0.396201577915745 0.407698019131757 0.46612433089882 0.498142862843366 0.465177389995655 0.494529060704669 0.483784138935734 0.488801436794627 0.46566689320075 0.483627486575261 0.465246893952303 0.498836534736195 0.466378372829636 0.492832252269691
"K21_2S2" 0.570227587083004 0.561599083714466 0.561678796358393 0.559238927780857 0.571195868750584 0.551306551595627 0.576731810022269 0.537331433923923 0.565733237920854 0.566750607746623 0.57635181779797 0.551580675907425 0.412190669564211 0.408930176102551 0.423615415477897 0.402979779283519 0.413440705182599 0.403853458298216 0.420604360531233 0 0.411112108541337 0.407177257567276 0.425793039188215 0.418901922391445 0.484529221622424 0.483590617096381 0.48403287165214 0.482846630822701 0.499707230929538 0.484303096261865 0.483237821190867 0.476603605302194 0.480110560162287 0.486860125833771 0.471440234788228 0.481875755013044
"K21_3M10" 0.512606715035501 0.531691843915126 0.527152566417316 0.535681848094337 0.523943437387117 0.5195029881462 0.536748077126234 0.516892969108138 0.517195172305256 0.527850950106868 0.531170648502501 0.527997660258054 0.372433107961909 0.38833819713879 0.391792625750086 0.404222661494409 0.368101180890008 0.389571006347188 0.392066854240736 0.411112108541337 0 0.392695294826592 0.385904995023181 0.418142151789455 0.448121938857047 0.473951678091543 0.457706080324271 0.492526492314241 0.46453437319315 0.463033672750625 0.454702779831365 0.481000196588148 0.451626020330599 0.473628295821022 0.451407516161365 0.48350451072778
"K21_3M2" 0.537915143264446 0.544344034160013 0.54323861889356 0.553171119315247 0.54896829881399 0.532690877865992 0.564413925029812 0.527920215324816 0.542169500451458 0.539283994406147 0.558599076940558 0.542687068737161 0.390793557099736 0.38271329447804 0.404629004052888 0.384710622811211 0.398625236674148 0.381980372110136 0.411054633478407 0.407177257567276 0.392695294826592 0 0.410105184357713 0.40821492699072 0.472802902715098 0.469343694824329 0.480290733644862 0.486426724083828 0.482724029727663 0.467225888811108 0.482792716302556 0.473792249669309 0.469870847899129 0.472961725975746 0.47240975250146 0.474855707745217
"K21_3S10" 0.525056235437523 0.530560559239001 0.523067121700244 0.529016525525562 0.526969396938833 0.518617450895901 0.537526704366194 0.504223596419069 0.528454567368292 0.526740835746649 0.524974458936074 0.52441858085749 0.401642359900241 0.419393534556004 0.402319501224526 0.418340641924976 0.398379098131606 0.412339862047153 0.396201577915745 0.425793039188215 0.385904995023181 0.410105184357713 0 0.421748088181757 0.46701097249647 0.493506709415257 0.450123653306517 0.489748990242348 0.477606621006772 0.491525129069597 0.463310787609201 0.485251308499198 0.46870847861937 0.484830945639162 0.454639946888723 0.478735781035585
"K21_3S2" 0.548897867678909 0.539663901965367 0.541119397394365 0.547205616032867 0.555286967279377 0.533986921389824 0.564099460102571 0.521713241303067 0.553343487902009 0.55043635448186 0.555614462163536 0.535991409032582 0.418720290868251 0.415589672530989 0.423454134077665 0.403428126301507 0.42059316040499 0.401614950856833 0.407698019131757 0.418901922391445 0.418142151789455 0.40821492699072 0.421748088181757 0 0.489801693295635 0.495987929300154 0.474956082254892 0.488892936955684 0.504850594197962 0.497075910804276 0.495103569935611 0.488580824092743 0.486334064519762 0.49842628403853 0.474073283982106 0.489173298625587
"K22_1M10" 0.528394195727539 0.548115207328902 0.531549079403772 0.561905980874928 0.531445354205898 0.539739896558271 0.546840810415089 0.541944716071329 0.530239915305611 0.544294633937004 0.542941627525844 0.550633624948926 0.447378892407497 0.476804249432724 0.449502362696867 0.483779247766986 0.454130970619779 0.469840564725513 0.46612433089882 0.484529221622424 0.448121938857047 0.472802902715098 0.46701097249647 0.489801693295635 0 0.414150680876649 0.400366868071393 0.42751059711843 0.394031995924354 0.402083019017538 0.399740197962201 0.428689727973485 0.392244675989121 0.404699300015767 0.404509466897352 0.42527787919004
"K22_1M2" 0.585823891160258 0.590642602831992 0.592738209391284 0.599459619816363 0.59651271543687 0.578393646342274 0.604710073934724 0.580311738474234 0.585723432694994 0.594947360476953 0.597918948436611 0.595199740811736 0.469349651030184 0.463695174248088 0.481736784868986 0.478981906643239 0.475937187107774 0.467160731786581 0.498142862843366 0.483590617096381 0.473951678091543 0.469343694824329 0.493506709415257 0.495987929300154 0.414150680876649 0 0.436350949490184 0.411039360642266 0.4132729027845 0.369612632625315 0.4235465130009 0.411412436456267 0.404423162309665 0.380251219048444 0.4157953279238 0.393230798844472
"K22_1S10" 0.547198902387266 0.563105744638658 0.544902710039847 0.565091875632938 0.545152490583612 0.550064567766622 0.560485837282561 0.53856926663259 0.546401109808949 0.558595580744601 0.548622307667798 0.554835117293572 0.452845596981888 0.479989124548368 0.45564331950532 0.479053349673263 0.460315667968213 0.477413750327418 0.465177389995655 0.48403287165214 0.457706080324271 0.480290733644862 0.450123653306517 0.474956082254892 0.400366868071393 0.436350949490184 0 0.432446797186678 0.407584984745363 0.423366261606698 0.391247220908797 0.431492889299705 0.404222362192079 0.424512356472215 0.400472867754087 0.429998469737942
"K22_1S2" 0.592504110390739 0.596398214052239 0.590766692489269 0.596899989476038 0.601052734118635 0.586731656954927 0.603025223023228 0.587750724656629 0.59501373064257 0.60223493397558 0.590196348500694 0.602244101304437 0.487404963593977 0.480857093962628 0.477881374235454 0.480049778244785 0.48393079438807 0.480541299704828 0.494529060704669 0.482846630822701 0.492526492314241 0.486426724083828 0.489748990242348 0.488892936955684 0.42751059711843 0.411039360642266 0.432446797186678 0 0.421455252242043 0.399726865634031 0.426559829127676 0.400033068564785 0.42131856877462 0.404650083711262 0.423381926745895 0.393441928124812
"K22_2M10" 0.553225375507952 0.568258579148006 0.558788690653327 0.575939966337067 0.558431974523578 0.564358570254015 0.579368489929568 0.56261206912454 0.553516037582171 0.569571817453542 0.576049536697702 0.571390863251407 0.457966778096251 0.482411138405046 0.462488433755173 0.487780950162453 0.463799956996153 0.484534150381593 0.483784138935734 0.499707230929538 0.46453437319315 0.482724029727663 0.477606621006772 0.504850594197962 0.394031995924354 0.4132729027845 0.407584984745363 0.421455252242043 0 0.396839794409245 0.404420910157854 0.418413964995496 0.386479989424481 0.397776516740549 0.409153319922574 0.422380294114052
"K22_2M2" 0.584574609617067 0.589797347504727 0.590882386954803 0.596158596285366 0.586154162674316 0.574780034193149 0.60104572764002 0.574227686126913 0.585767200421909 0.593148416814284 0.596643765963055 0.59439610726685 0.466023481077494 0.465804464290539 0.469948720691573 0.467151958071734 0.46881802402223 0.464757762435084 0.488801436794627 0.484303096261865 0.463033672750625 0.467225888811108 0.491525129069597 0.497075910804276 0.402083019017538 0.369612632625315 0.423366261606698 0.399726865634031 0.396839794409245 0 0.417107800862756 0.411423984419351 0.401319221136224 0.36617408267493 0.411260969135543 0.384194667647811
"K22_2S10" 0.558671648076574 0.567024641774285 0.56098343261013 0.570745363953791 0.560116549756418 0.558619958574743 0.571459276793669 0.553288186238908 0.558207291288989 0.578116145361404 0.569473485365362 0.569181018450387 0.456687976410488 0.481267044656505 0.45367839492139 0.486895444411458 0.463064340965807 0.487372062029231 0.46566689320075 0.483237821190867 0.454702779831365 0.482792716302556 0.463310787609201 0.495103569935611 0.399740197962201 0.4235465130009 0.391247220908797 0.426559829127676 0.404420910157854 0.417107800862756 0 0.422280963059094 0.395632626601872 0.422547699072701 0.392009994600245 0.421261600583781
"K22_2S2" 0.590487099284973 0.589998021061976 0.582707431581027 0.593260583603983 0.593339292597714 0.580180064833905 0.601089130024243 0.576564938792866 0.590889458339759 0.596569250523476 0.595237534645 0.59075865369839 0.476457685541061 0.477976826457104 0.470469971440865 0.479099542106144 0.478666657882806 0.470790316909859 0.483627486575261 0.476603605302194 0.481000196588148 0.473792249669309 0.485251308499198 0.488580824092743 0.428689727973485 0.411412436456267 0.431492889299705 0.400033068564785 0.418413964995496 0.411423984419351 0.422280963059094 0 0.416885358423325 0.416964823036319 0.420237198294843 0.399020350552247
"K22_3M10" 0.548857892063964 0.559983707890576 0.552436281432331 0.564865054903691 0.551258882725488 0.546641273678243 0.562799210985344 0.548277120589144 0.54713595966256 0.561925006829417 0.562014713948639 0.560891262355192 0.450784197337276 0.472493140137596 0.448445040060611 0.475283458724776 0.451829590674532 0.473525971547828 0.465246893952303 0.480110560162287 0.451626020330599 0.469870847899129 0.46870847861937 0.486334064519762 0.392244675989121 0.404423162309665 0.404222362192079 0.42131856877462 0.386479989424481 0.401319221136224 0.395632626601872 0.416885358423325 0 0.409627715061232 0.385239084817164 0.416632555928661
"K22_3M2" 0.578375162962629 0.592229024809323 0.586409997400184 0.59535129165882 0.580257032091464 0.580864395786611 0.603156855118503 0.578279570634341 0.582144591842296 0.595249696964074 0.593144772825835 0.591108563220415 0.466683436715583 0.476817925465288 0.480543908561233 0.476411083978029 0.469715485033043 0.475013292532031 0.498836534736195 0.486860125833771 0.473628295821022 0.472961725975746 0.484830945639162 0.49842628403853 0.404699300015767 0.380251219048444 0.424512356472215 0.404650083711262 0.397776516740549 0.36617408267493 0.422547699072701 0.416964823036319 0.409627715061232 0 0.41805362084288 0.391601582484749
"K22_3S10" 0.545456661356994 0.55727600926802 0.550195316121265 0.564260003485487 0.552695743396854 0.55241543597338 0.567309153271364 0.543014447790601 0.551319654124481 0.566392609783193 0.561962483224658 0.559693582617647 0.459705942375743 0.477936273893679 0.446439974473327 0.463430055652538 0.455604727417136 0.469585168660652 0.466378372829636 0.471440234788228 0.451407516161365 0.47240975250146 0.454639946888723 0.474073283982106 0.404509466897352 0.4157953279238 0.400472867754087 0.423381926745895 0.409153319922574 0.411260969135543 0.392009994600245 0.420237198294843 0.385239084817164 0.41805362084288 0 0.414869169999002
"K22_3S2" 0.601129092446005 0.604965938035305 0.595090475154603 0.603373508768273 0.606065760081156 0.589710188848627 0.612698309509637 0.588594121293562 0.602817738921218 0.60745980597368 0.607000303470925 0.601073741627443 0.481891822023617 0.478600738958165 0.473900854911508 0.474130362014599 0.487274505388996 0.476999292162761 0.492832252269691 0.481875755013044 0.48350451072778 0.474855707745217 0.478735781035585 0.489173298625587 0.42527787919004 0.393230798844472 0.429998469737942 0.393441928124812 0.422380294114052 0.384194667647811 0.421261600583781 0.399020350552247 0.416632555928661 0.391601582484749 0.414869169999002 0
