"K20_1M10" "K20_1M2" "K20_1S10" "K20_1S2" "K20_2M10" "K20_2M2" "K20_2S10" "K20_2S2" "K20_3M10" "K20_3M2" "K20_3S10" "K20_3S2" "K21_1M10" "K21_1M2" "K21_1S10" "K21_1S2" "K21_2M10" "K21_2M2" "K21_2S10" "K21_2S2" "K21_3M10" "K21_3M2" "K21_3S10" "K21_3S2" "K22_1M10" "K22_1M2" "K22_1S10" "K22_1S2" "K22_2M10" "K22_2M2" "K22_2S10" "K22_2S2" "K22_3M10" "K22_3M2" "K22_3S10" "K22_3S2"
"K20_1M10" 0 476.459527700005 371.131072560869 1273.02004768617 1350.37251490408 539.717673878073 1028.54467319123 1476.55085927793 508.311222702459 634.136448185032 1141.90130268873 1451.98804459862 46344.7583283952 18304.1075066522 38400.6597067112 14154.8382257734 55451.8780605429 18419.751525123 36559.0380625963 31375.2325433929 35848.7810141382 15107.5436233805 37489.743418002 35140.0189104406 87791.2119403234 65016.8597535525 87139.3773664746 53760.0234587357 80959.123793276 68423.1345744159 77985.1254619931 67112.5133630628 80796.5802795267 68517.8897172824 78395.3294399813 65260.990110072
"K20_1M2" 476.459527700005 0 534.139905191723 1110.33791382225 1294.09891388286 443.661193714963 1013.31026480457 1350.1129754954 705.70987011913 462.629345312755 1233.09197342351 1282.88164470965 46621.6166514665 18452.7179315536 38639.4913846003 14329.0280379333 55677.6023606235 18580.4306704866 36810.7537049088 31542.8257071788 36114.5079758586 15263.5306017425 37748.3208314759 35283.7190613613 88052.2316346015 65168.4016043608 87389.8351748105 53932.5840651652 81191.0310105695 68571.8474744139 78234.8442024942 67271.4261425578 81039.5729904848 68664.0842080906 78642.2471863023 65442.9622576121
"K20_1S10" 371.131072560869 534.139905191723 0 1480.21434180153 1596.39156677685 616.880999174173 1262.87443171539 1695.97631187412 326.444634480624 794.080538064919 916.961233366049 1658.49073824823 46190.0112202998 18097.9565909864 38223.4459385418 13957.0456400498 55276.6433069242 18210.4610333523 36395.0612365145 31178.2976565792 35686.8620203101 14897.0197634034 37325.1293272934 34937.8540770767 87630.1674407368 64821.668636334 86974.0938410487 53566.7775813976 80787.5691863443 68227.5376446335 77823.9569469361 66928.4542339179 80636.2720392013 68325.0990170734 78233.3273679744 65078.0743810365
"K20_1S2" 1273.02004768617 1110.33791382225 1480.21434180153 0 369.180259653979 1004.3608270262 488.027566931979 316.411775304385 1671.19124697129 743.494546303333 2297.93918522987 245.826122186768 47492.3610674115 19480.6889512076 39567.1486608441 15336.2919143122 56627.3280033224 19603.3453684712 37720.4050955986 32532.8905677908 37017.652578642 16293.8468310101 38659.3995844843 36284.2018698884 88962.3844679376 66155.7567404231 88311.8476434383 54925.7659479411 82128.1286618624 69570.0762397464 79144.40067956 68215.2976043654 81950.8322567371 69651.767255359 79556.2018764961 66396.7622557914
"K20_2M10" 1350.37251490408 1294.09891388286 1596.39156677685 369.180259653979 0 1169.261578532 449.45853529826 301.113596161044 1780.91254661794 917.377588404651 2432.64493796376 393.388924113517 47487.112223572 19590.8381660597 39600.4249478741 15428.3198213119 56665.1831873439 19703.9451808289 37739.2077363794 32622.1342010539 37025.2450263982 16402.0548739064 38673.9140181135 36390.0015754416 88966.7691345008 66231.985602074 88323.4488606507 54994.1000481842 82156.671555342 69651.573049544 79156.3141315673 68275.6821194225 81967.1032997397 69734.3143642597 79570.1148535217 66446.6307440266
"K20_2M2" 539.717673878073 443.661193714963 616.880999174173 1004.3608270262 1169.261578532 0 811.709064540734 1259.71876616526 760.325480575589 430.851416124919 1397.32632902287 1201.74793045432 46586.7192617191 18544.6840210736 38636.7609799416 14398.4396040851 55712.4278901288 18655.4212305279 36809.0990989489 31617.8668724652 36099.337807517 15344.4555634745 37737.8696039109 35383.2898467589 88047.4405209197 65264.9216564586 87397.7704252681 54014.7922741057 81214.9507161162 68677.3228104263 78239.4213786031 67352.9057405894 81053.5011042206 68769.6395304271 78652.1385497449 65509.2651241314
"K20_2S10" 1028.54467319123 1013.31026480457 1262.87443171539 488.027566931979 449.45853529826 811.709064540734 0 640.338789509478 1420.64674312944 680.152993218798 2086.51636294578 652.109729951884 47093.7236975987 19219.7157961639 39204.9797741671 15049.3613347914 56286.4973099069 19324.3658220732 37351.5780071114 32251.9326490276 36632.0018141391 16024.0629446841 38281.218680994 36032.6725937254 88579.7459979799 65880.3627289009 87937.9288471154 54629.0600979811 81778.2089883724 69302.1651133886 78777.1661657542 67929.3394316599 81594.199042046 69390.3518757515 79193.3035060376 66087.2119953872
"K20_2S2" 1476.55085927793 1350.1129754954 1695.97631187412 316.411775304385 301.113596161044 1259.71876616526 640.338789509478 0 1896.82965746465 969.241448860946 2529.45861563469 188.595884495117 47695.5239861177 19718.9471683654 39784.0753747112 15569.1885240217 56838.9994837947 19840.2038170286 37929.8984748819 32758.0017648645 37226.2461408165 16534.104865932 38871.0353537422 36509.0999539706 89169.0773927888 66371.8733961934 88519.5956201868 55144.0105473702 82340.0006888915 69786.3525044876 79352.9828110649 68421.9477476571 82159.1862726151 69866.4513470548 79764.9083807519 66606.7874361171
"K20_3M10" 508.311222702459 705.70987011913 326.444634480624 1671.19124697129 1780.91254661794 760.325480575589 1420.64674312944 1896.82965746465 0 987.859453767887 733.10515174125 1858.80942943999 45971.6302322502 17897.3815260659 38007.1436759761 13751.7917346106 55067.5854606502 18006.3657553424 36180.2325778093 30978.1073436962 35467.4227940932 14694.4307011507 37107.0393512661 34745.7347371658 87415.252423282 64638.4212209974 86760.6771919148 53373.8773601758 80578.3569067182 68041.9743878387 77611.5770200651 66749.2439939503 80424.9688762537 68140.6221883118 78021.1799726287 64888.3850799555
"K20_3M2" 634.136448185032 462.629345312755 794.080538064919 743.494546303333 917.377588404651 430.851416124919 680.152993218798 969.241448860946 987.859453767887 0 1604.2858704632 919.165866737371 46899.8371181751 18810.8236215311 38943.7611476364 14675.9631944037 55997.2162242957 18932.1376539653 37109.3535986818 31886.1919314684 36407.0331462514 15618.0947327448 38044.9835710092 35634.9804062532 88347.6399951919 65511.1227982126 87693.8385707048 54275.0396925545 81500.8557636619 68920.3464916852 78531.3282295569 67598.7440750871 81339.4731308928 69008.676597747 78941.6781026789 65769.4984729719
"K20_3S10" 1141.90130268873 1233.09197342351 916.961233366049 2297.93918522987 2432.64493796376 1397.32632902287 2086.51636294578 2529.45861563469 733.10515174125 1604.2858704632 0 2476.67072296933 45531.9724873267 17315.3966038192 37518.5113004778 13195.4470422071 54552.2984833039 17434.3448419383 35704.2093486222 30421.7262020441 35005.0335283363 14115.4580938191 36636.6244781918 34173.121337955 86939.633618841 64074.3524260493 86274.0738433515 52813.2080449314 80073.1523661041 67470.7060111074 77130.0713667414 66215.7984485827 79939.0751437117 67575.4791911864 77535.8435223873 64357.774165687
"K20_3S2" 1451.98804459862 1282.88164470965 1658.49073824823 245.826122186768 393.388924113517 1201.74793045432 652.109729951884 188.595884495117 1858.80942943999 919.165866737371 2476.67072296933 0 47694.3502025297 19674.6104662547 39768.8912816546 15531.1314161542 56822.3665998483 19800.103268517 37920.5881398027 32721.0156253171 37219.7041140002 16490.7622340451 38861.8611243623 36466.2403189042 89165.4366301157 66339.9027077489 88511.8607363351 55114.8558557093 82328.8801310246 69751.0787029257 79349.2101713173 68394.3510769959 82154.1534869757 69831.4995034034 79759.7398964375 66583.8878016698
"K21_1M10" 46344.7583283952 46621.6166514665 46190.0112202998 47492.3610674115 47487.112223572 46586.7192617191 47093.7236975987 47695.5239861177 45971.6302322502 46899.8371181751 45531.9724873267 47694.3502025297 0 30848.3852177825 10402.8976601698 33626.185951278 16856.1529569359 30180.772128977 11593.1851956843 21927.6965768837 10890.864393262 33064.1413728325 9713.77639920568 23085.0425117842 42659.6875172881 34677.6452747258 43184.0552941343 23463.2673723246 38311.6759211662 37403.077344143 34583.8483227641 37729.7665313136 38465.7407153261 38239.7170463526 35704.8448449159 32772.0119478712
"K21_1M2" 18304.1075066522 18452.7179315536 18097.9565909864 19480.6889512076 19590.8381660597 18544.6840210736 19219.7157961639 19718.9471683654 17897.3815260659 18810.8236215311 17315.3966038192 19674.6104662547 30848.3852177825 0 21776.7461328125 4749.2968658398 38488.8245673009 2228.05459563401 20271.430426941 13767.1215645641 20325.6346151279 3577.26711363072 21650.1462060764 17628.2607120893 71373.6572056297 48856.6707496427 70851.8754362216 37012.6587541577 64072.996260661 52059.4487772016 61604.2651315233 51964.7368918564 64439.6102876029 52304.949206079 62142.9962653726 49682.1419744575
"K21_1S10" 38400.6597067112 38639.4913846003 38223.4459385418 39567.1486608441 39600.4249478741 38636.7609799416 39204.9797741671 39784.0753747112 38007.1436759761 38943.7611476364 37518.5113004778 39768.8912816546 10402.8976601698 21776.7461328125 0 24914.1952628823 19475.5198226296 21347.93087571 3285.23527327469 11902.0770840584 5993.34785179292 24374.8969742426 5349.30933960633 13398.9923294505 50775.6984743948 35730.0189879302 50700.5502004035 23000.4049039585 44784.1267164386 38670.7245969897 41911.3861887456 39213.1179340884 45012.8186983946 39299.5150287185 42605.3527321577 35210.0710200934
"K21_1S2" 14154.8382257734 14329.0280379333 13957.0456400498 15336.2919143122 15428.3198213119 14398.4396040851 15049.3613347914 15569.1885240217 13751.7917346106 14675.9631944037 13195.4470422071 15531.1314161542 33626.185951278 4749.2968658398 24914.1952628823 0 42002.9095393904 5173.69812388942 23250.6799571485 17443.5393452041 23014.9642880131 2629.89166894677 24447.0401793543 21332.755709926 74860.6319804252 52650.6756931489 74207.2102414662 40796.7775189241 67952.351129055 55922.8286292341 65188.2140722228 55303.7419002185 67881.5639459067 56137.6656944312 65534.1872648174 53033.89943718
"K21_2M10" 55451.8780605429 55677.6023606235 55276.6433069242 56627.3280033224 56665.1831873439 55712.4278901288 56286.4973099069 56838.9994837947 55067.5854606502 55997.2162242957 54552.2984833039 56822.3665998483 16856.1529569359 38488.8245673009 19475.5198226296 42002.9095393904 0 38025.616675139 20758.7963691253 27208.3355031364 22506.1946880154 41259.1784103043 21051.1624186816 25909.3396203907 37081.7678427898 29192.1728064622 37655.7565594675 20257.604752575 30837.1255737366 30597.3613053008 29756.6147025009 33970.6145700815 32846.436901362 31775.6369162844 31056.5568308873 29388.0883826489
"K21_2M2" 18419.751525123 18580.4306704866 18210.4610333523 19603.3453684712 19703.9451808289 18655.4212305279 19324.3658220732 19840.2038170286 18006.3657553424 18932.1376539653 17434.3448419383 19800.103268517 30180.772128977 2228.05459563401 21347.93087571 5173.69812388942 38025.616675139 0 19770.4573003832 14101.2215821497 19583.3887554442 3618.68916963912 20940.7099493304 18149.9807389932 70808.2447541124 48517.3870507352 70357.2234065589 36674.394686544 63520.9843771593 51763.416212285 61065.2298060203 51608.988809777 64095.7543565372 52056.2837002396 61738.151072457 49291.9068079478
"K21_2S10" 36559.0380625963 36810.7537049088 36395.0612365145 37720.4050955986 37739.2077363794 36809.0990989489 37351.5780071114 37929.8984748819 36180.2325778093 37109.3535986818 35704.2093486222 37920.5881398027 11593.1851956843 20271.430426941 3285.23527327469 23250.6799571485 20758.7963691253 19770.4573003832 0 11598.9331095007 5111.26651761823 22746.7842212417 4836.75298995927 13677.9498900815 52447.7500015086 37118.7249847747 52510.669059093 24296.5126046191 46293.8761347033 40115.8402877048 43464.6240422301 40553.2709659023 46705.6079818641 40687.5873435309 44338.9329096607 36689.9475750327
"K21_2S2" 31375.2325433929 31542.8257071788 31178.2976565792 32532.8905677908 32622.1342010539 31617.8668724652 32251.9326490276 32758.0017648645 30978.1073436962 31886.1919314684 30421.7262020441 32721.0156253171 21927.6965768837 13767.1215645641 11902.0770840584 17443.5393452041 27208.3355031364 14101.2215821497 11598.9331095007 0 13853.0073729174 17051.540665532 14184.2215582415 5239.01705530576 60650.4004597851 39882.9400445246 59962.3664996932 27306.6259505877 53585.4659174506 42711.0060505685 51397.1743769493 43481.1261911174 53597.0566090465 43148.3436212057 51543.6812961216 40651.5214089271
"K21_3M10" 35848.7810141382 36114.5079758586 35686.8620203101 37017.652578642 37025.2450263982 36099.337807517 36632.0018141391 37226.2461408165 35467.4227940932 36407.0331462514 35005.0335283363 37219.7041140002 10890.864393262 20325.6346151279 5993.34785179292 23014.9642880131 22506.1946880154 19583.3887554442 5111.26651761823 13853.0073729174 0 22398.8953685332 2476.6186884539 16621.2976512167 52611.0180438386 37851.3005512826 52597.9584506859 25470.4597288324 47003.167089513 40956.2712762901 43720.0692412454 40948.1850701282 47219.0147812746 41595.8012962599 44551.8536997553 36912.5124930309
"K21_3M2" 15107.5436233805 15263.5306017425 14897.0197634034 16293.8468310101 16402.0548739064 15344.4555634745 16024.0629446841 16534.104865932 14694.4307011507 15618.0947327448 14115.4580938191 16490.7622340451 33064.1413728325 3577.26711363072 24374.8969742426 2629.89166894677 41259.1784103043 3618.68916963912 22746.7842212417 17051.540665532 22398.8953685332 0 23839.3570718646 20950.9701760356 73935.8119783335 51458.42587064 73412.4132195829 39738.3122242799 66740.5672632308 54723.2411835051 64165.7172294684 54347.4166742124 67135.2689571638 54951.3122516728 64758.3545489227 52131.1220875238
"K21_3S10" 37489.743418002 37748.3208314759 37325.1293272934 38659.3995844843 38673.9140181135 37737.8696039109 38281.218680994 38871.0353537422 37107.0393512661 38044.9835710092 36636.6244781918 38861.8611243623 9713.77639920568 21650.1462060764 5349.30933960633 24447.0401793543 21051.1624186816 20940.7099493304 4836.75298995927 14184.2215582415 2476.6186884539 23839.3570718646 0 16472.5839330235 51289.5244230751 36837.5529060553 51265.0744130907 24399.9628640138 45689.6649966487 39853.7372424318 42465.5780171546 40032.6782385019 45892.8816551116 40524.6793047516 43251.6944962326 35906.8058189591
"K21_3S2" 35140.0189104406 35283.7190613613 34937.8540770767 36284.2018698884 36390.0015754416 35383.2898467589 36032.6725937254 36509.0999539706 34745.7347371658 35634.9804062532 34173.121337955 36466.2403189042 23085.0425117842 17628.2607120893 13398.9923294505 21332.755709926 25909.3396203907 18149.9807389932 13677.9498900815 5239.01705530576 16621.2976512167 20950.9701760356 16472.5839330235 0 59437.6212046608 38148.0196375477 58578.3565769797 25803.7292918343 52180.5680968289 40706.4807405746 50359.3659290888 42074.2230929381 52163.491536146 41131.4535812242 50282.8774218144 39331.8202390695
"K22_1M10" 87791.2119403234 88052.2316346015 87630.1674407368 88962.3844679376 88966.7691345008 88047.4405209197 88579.7459979799 89169.0773927888 87415.252423282 88347.6399951919 86939.633618841 89165.4366301157 42659.6875172881 71373.6572056297 50775.6984743948 74860.6319804252 37081.7678427898 70808.2447541124 52447.7500015086 60650.4004597851 52611.0180438386 73935.8119783335 51289.5244230751 59437.6212046608 0 40253.3186750439 12884.4107024385 42425.7855483406 15427.3727554968 40289.2224071247 13918.1151622267 42884.8688606136 19459.7750810422 41727.1651278552 18527.6126450089 38301.0831998299
"K22_1M2" 65016.8597535525 65168.4016043608 64821.668636334 66155.7567404231 66231.985602074 65264.9216564586 65880.3627289009 66371.8733961934 64638.4212209974 65511.1227982126 64074.3524260493 66339.9027077489 34677.6452747258 48856.6707496427 35730.0189879302 52650.6756931489 29192.1728064622 48517.3870507352 37118.7249847747 39882.9400445246 37851.3005512826 51458.42587064 36837.5529060553 38148.0196375477 40253.3186750439 0 40412.4805723564 13270.7999088039 33261.25671268 17781.1995681776 33489.2007253206 9356.29427196296 37537.2017096042 23061.5804786334 35237.8257414831 9359.60269184126
"K22_1S10" 87139.3773664746 87389.8351748105 86974.0938410487 88311.8476434383 88323.4488606507 87397.7704252681 87937.9288471154 88519.5956201868 86760.6771919148 87693.8385707048 86274.0738433515 88511.8607363351 43184.0552941343 70851.8754362216 50700.5502004035 74207.2102414662 37655.7565594675 70357.2234065589 52510.669059093 59962.3664996932 52597.9584506859 73412.4132195829 51265.0744130907 58578.3565769797 12884.4107024385 40412.4805723564 0 42423.1351160638 22859.9097959142 40519.4239987826 20593.7333357557 42421.3518366882 22748.6778570215 42052.4610275802 21614.7750316845 37912.4599091799
"K22_1S2" 53760.0234587357 53932.5840651652 53566.7775813976 54925.7659479411 54994.1000481842 54014.7922741057 54629.0600979811 55144.0105473702 53373.8773601758 54275.0396925545 52813.2080449314 55114.8558557093 23463.2673723246 37012.6587541577 23000.4049039585 40796.7775189241 20257.604752575 36674.394686544 24296.5126046191 27306.6259505877 25470.4597288324 39738.3122242799 24399.9628640138 25803.7292918343 42425.7855483406 13270.7999088039 42423.1351160638 0 34892.6817481475 20734.1266868589 34265.1213250908 17985.1794112733 38308.6323926132 24137.8514744776 35800.6398609261 15293.5799708422
"K22_2M10" 80959.123793276 81191.0310105695 80787.5691863443 82128.1286618624 82156.671555342 81214.9507161162 81778.2089883724 82340.0006888915 80578.3569067182 81500.8557636619 80073.1523661041 82328.8801310246 38311.6759211662 64072.996260661 44784.1267164386 67952.351129055 30837.1255737366 63520.9843771593 46293.8761347033 53585.4659174506 47003.167089513 66740.5672632308 45689.6649966487 52180.5680968289 15427.3727554968 33261.25671268 22859.9097959142 34892.6817481475 0 30852.2364483648 12341.1346910509 38474.7714995984 21555.1049785759 31650.6530893204 20698.6821244574 34268.4642752371
"K22_2M2" 68423.1345744159 68571.8474744139 68227.5376446335 69570.0762397464 69651.573049544 68677.3228104263 69302.1651133886 69786.3525044876 68041.9743878387 68920.3464916852 67470.7060111074 69751.0787029257 37403.077344143 52059.4487772016 38670.7245969897 55922.8286292341 30597.3613053008 51763.416212285 40115.8402877048 42711.0060505685 40956.2712762901 54723.2411835051 39853.7372424318 40706.4807405746 40289.2224071247 17781.1995681776 40519.4239987826 20734.1266868589 30852.2364483648 0 34450.4512120093 23870.0898819778 38046.1444159498 6833.78596447786 36255.732757993 21382.4776799912
"K22_2S10" 77985.1254619931 78234.8442024942 77823.9569469361 79144.40067956 79156.3141315673 78239.4213786031 78777.1661657542 79352.9828110649 77611.5770200651 78531.3282295569 77130.0713667414 79349.2101713173 34583.8483227641 61604.2651315233 41911.3861887456 65188.2140722228 29756.6147025009 61065.2298060203 43464.6240422301 51397.1743769493 43720.0692412454 64165.7172294684 42465.5780171546 50359.3659290888 13918.1151622267 33489.2007253206 20593.7333357557 34265.1213250908 12341.1346910509 34450.4512120093 0 37572.4363882252 12315.4812330951 35443.300006298 10638.9123335706 32183.1780789747
"K22_2S2" 67112.5133630628 67271.4261425578 66928.4542339179 68215.2976043654 68275.6821194225 67352.9057405894 67929.3394316599 68421.9477476571 66749.2439939503 67598.7440750871 66215.7984485827 68394.3510769959 37729.7665313136 51964.7368918564 39213.1179340884 55303.7419002185 33970.6145700815 51608.988809777 40553.2709659023 43481.1261911174 40948.1850701282 54347.4166742124 40032.6782385019 42074.2230929381 42884.8688606136 9356.29427196296 42421.3518366882 17985.1794112733 38474.7714995984 23870.0898819778 37572.4363882252 0 41031.1598419081 29408.9925466923 38472.098076346 7379.87902160969
"K22_3M10" 80796.5802795267 81039.5729904848 80636.2720392013 81950.8322567371 81967.1032997397 81053.5011042206 81594.199042046 82159.1862726151 80424.9688762537 81339.4731308928 79939.0751437117 82154.1534869757 38465.7407153261 64439.6102876029 45012.8186983946 67881.5639459067 32846.436901362 64095.7543565372 46705.6079818641 53597.0566090465 47219.0147812746 67135.2689571638 45892.8816551116 52163.491536146 19459.7750810422 37537.2017096042 22748.6778570215 38308.6323926132 21555.1049785759 38046.1444159498 12315.4812330951 41031.1598419081 0 38500.8567850064 5648.63689237049 35134.7192250944
"K22_3M2" 68517.8897172824 68664.0842080906 68325.0990170734 69651.767255359 69734.3143642597 68769.6395304271 69390.3518757515 69866.4513470548 68140.6221883118 69008.676597747 67575.4791911864 69831.4995034034 38239.7170463526 52304.949206079 39299.5150287185 56137.6656944312 31775.6369162844 52056.2837002396 40687.5873435309 43148.3436212057 41595.8012962599 54951.3122516728 40524.6793047516 41131.4535812242 41727.1651278552 23061.5804786334 42052.4610275802 24137.8514744776 31650.6530893204 6833.78596447786 35443.300006298 29408.9925466923 38500.8567850064 0 37006.3403566647 26302.9869645092
"K22_3S10" 78395.3294399813 78642.2471863023 78233.3273679744 79556.2018764961 79570.1148535217 78652.1385497449 79193.3035060376 79764.9083807519 78021.1799726287 78941.6781026789 77535.8435223873 79759.7398964375 35704.8448449159 62142.9962653726 42605.3527321577 65534.1872648174 31056.5568308873 61738.151072457 44338.9329096607 51543.6812961216 44551.8536997553 64758.3545489227 43251.6944962326 50282.8774218144 18527.6126450089 35237.8257414831 21614.7750316845 35800.6398609261 20698.6821244574 36255.732757993 10638.9123335706 38472.098076346 5648.63689237049 37006.3403566647 0 32420.6467389884
"K22_3S2" 65260.990110072 65442.9622576121 65078.0743810365 66396.7622557914 66446.6307440266 65509.2651241314 66087.2119953872 66606.7874361171 64888.3850799555 65769.4984729719 64357.774165687 66583.8878016698 32772.0119478712 49682.1419744575 35210.0710200934 53033.89943718 29388.0883826489 49291.9068079478 36689.9475750327 40651.5214089271 36912.5124930309 52131.1220875238 35906.8058189591 39331.8202390695 38301.0831998299 9359.60269184126 37912.4599091799 15293.5799708422 34268.4642752371 21382.4776799912 32183.1780789747 7379.87902160969 35134.7192250944 26302.9869645092 32420.6467389884 0
