"K20_1M10" "K20_1M2" "K20_1S10" "K20_1S2" "K20_2M10" "K20_2M2" "K20_2S10" "K20_2S2" "K20_3M10" "K20_3M2" "K20_3S10" "K20_3S2" "K21_1M10" "K21_1M2" "K21_1S10" "K21_1S2" "K21_2M10" "K21_2M2" "K21_2S10" "K21_2S2" "K21_3M10" "K21_3M2" "K21_3S10" "K21_3S2" "K22_1M10" "K22_1M2" "K22_1S10" "K22_1S2" "K22_2M10" "K22_2M2" "K22_2S10" "K22_2S2" "K22_3M10" "K22_3M2" "K22_3S10" "K22_3S2"
"K20_1M10" 0 0.014210437235543 0.0133753455571227 0.0196552891396333 0.0185865162200282 0.0136101551480959 0.0174463187588152 0.0201560507757405 0.014237856135402 0.01478341325811 0.0214942736248237 0.0204335119887165 0.456511819464034 0.206495345557123 0.398417150916784 0.161637348377997 0.581337997179125 0.209621100141044 0.378383638928068 0.339318928067701 0.36435215796897 0.173629901269394 0.384474245416079 0.377144598025388 0.885216473906911 0.683333596614951 0.885409083215797 0.574563836389281 0.831967052186178 0.726386911142454 0.787878928067701 0.675876558533145 0.819926770098731 0.722432722143865 0.795164344146685 0.669724005641749
"K20_1M2" 0.014210437235543 0 0.0149930606488011 0.0175970662905501 0.0206671932299013 0.0128673624823695 0.0193457827926657 0.0202895345557123 0.0167952609308886 0.0125103526093089 0.0217831311706629 0.018688293370945 0.45852874471086 0.209213878702398 0.400688519040903 0.16377466854725 0.584647447108604 0.211802990126939 0.379891452750353 0.342375176304654 0.366929196050776 0.17567221438646 0.387216022566996 0.378886770098731 0.887902623413258 0.685507023977433 0.887451509167842 0.57684197461213 0.834089139633286 0.729104090267983 0.791530155148096 0.679507926657264 0.824253314527504 0.724098730606488 0.799257433004231 0.671510634696756
"K20_1S10" 0.0133753455571227 0.0149930606488011 0 0.0212673624823695 0.0218713681241185 0.014562143864598 0.0200090267983075 0.0223572355430183 0.0126894217207334 0.0158218335684062 0.0192793229901269 0.0220636389280677 0.455855796897038 0.206091509167842 0.396981551480959 0.161883215796897 0.58023119887165 0.207742510578279 0.378693822284908 0.338414894217207 0.362075825105783 0.171692863187588 0.382716953455571 0.375899238363893 0.884017150916784 0.681246600846262 0.882767277856135 0.573166939351199 0.830469732016925 0.726316163610719 0.7865658674189 0.675071593794076 0.819780987306065 0.721819012693935 0.793266685472496 0.667940084626234
"K20_1S2" 0.0196552891396333 0.0175970662905501 0.0212673624823695 0 0.00943627644569817 0.0157605641748942 0.0110647108603667 0.00916174894217207 0.0230576022566996 0.0125806488011283 0.0294538787023977 0.00847932299012694 0.464084174894217 0.214618110014104 0.405434809590973 0.168939351198872 0.589072947813822 0.217316558533145 0.383248519040903 0.347798702397743 0.372139012693935 0.181297038081805 0.3912917348378 0.386422905500705 0.893442595204513 0.69117562764457 0.893389111424542 0.582703187588152 0.841182623413258 0.735393511988716 0.794707700987306 0.683805698166432 0.82674538787024 0.730035768688293 0.802866008462623 0.676488913963329
"K20_2M10" 0.0185865162200282 0.0206671932299013 0.0218713681241185 0.00943627644569817 0 0.016526149506347 0.0106190126939351 0.00874335684062059 0.0235608462623413 0.0155151480959097 0.0318322143864598 0.0099802538787024 0.465080733427363 0.215824767277856 0.407168067700987 0.170699464033851 0.590123554301834 0.218619012693935 0.384614499294781 0.349217940761636 0.374034076163611 0.182658392101551 0.392942510578279 0.387648631875881 0.894402256699577 0.692018279266573 0.894206713681241 0.583127108603667 0.842022228490832 0.735717348377997 0.795304823695346 0.6844176022567 0.826386459802539 0.73106730606488 0.803386967559944 0.677766995768688
"K20_2M2" 0.0136101551480959 0.0128673624823695 0.014562143864598 0.0157605641748942 0.016526149506347 0 0.015151706629055 0.0183388434414669 0.0162811847672779 0.0113811001410437 0.0223935684062059 0.0172530324400564 0.457184992947814 0.208071424541608 0.398343582510578 0.161934217207334 0.582172411847673 0.210676671368124 0.376514527503526 0.340602313117066 0.364729365303244 0.17379509167842 0.383799492242595 0.377743751763047 0.885200902679831 0.684152440056418 0.885588490832158 0.574928293370945 0.832659181946403 0.727057715091678 0.789058166431594 0.676609308885755 0.823254499294781 0.723376022566996 0.795944485190409 0.66998442877292
"K20_2S10" 0.0174463187588152 0.0193457827926657 0.0200090267983075 0.0110647108603667 0.0106190126939351 0.015151706629055 0 0.0119559943582511 0.0203054442877292 0.0149347249647391 0.0293860648801128 0.0111100705218618 0.462555486600846 0.213550803949224 0.404578053596615 0.16767706629055 0.587231142454161 0.21579215796897 0.382192383638928 0.34571023977433 0.370443667136812 0.179690380818054 0.389993681241185 0.385044400564175 0.892114866008463 0.688717968970381 0.890765472496474 0.580435430183357 0.839341269393512 0.733611170662905 0.792402820874471 0.682170944992948 0.824142736248237 0.728812299012694 0.800944767277856 0.675715655853315
"K20_2S2" 0.0201560507757405 0.0202895345557123 0.0223572355430183 0.00916174894217207 0.00874335684062059 0.0183388434414669 0.0119559943582511 0 0.0244710860366714 0.0153014386459803 0.0310946121297602 0.00727503526093089 0.466228152327221 0.217616135401975 0.408610098730606 0.171346798307475 0.590995655853314 0.219515712270804 0.386049985895628 0.349752552891396 0.374439717912553 0.183263300423131 0.393990070521862 0.389295007052186 0.895604513399154 0.692826516220028 0.895354696755994 0.584733201692525 0.843828152327221 0.737377940761636 0.797360789844852 0.685508039492243 0.82816880112835 0.732639887165021 0.805231932299013 0.678813878702398
"K20_3M10" 0.014237856135402 0.0167952609308886 0.0126894217207334 0.0230576022566996 0.0235608462623413 0.0162811847672779 0.0203054442877292 0.0244710860366714 0 0.0172892524682652 0.0176626234132581 0.0237886600846262 0.453829619181946 0.203395430183357 0.395518645980254 0.15917269393512 0.578109449929478 0.206277574047955 0.375336191819464 0.336588998589563 0.360502566995769 0.170643610719323 0.380831706629055 0.373903977433004 0.884152440056417 0.679576417489422 0.881800620592384 0.571453540197461 0.829011565585331 0.724212016925247 0.784910014104372 0.674726995768688 0.819371509167842 0.719765416078984 0.793362031029619 0.666024936530324
"K20_3M2" 0.01478341325811 0.0125103526093089 0.0158218335684062 0.0125806488011283 0.0155151480959097 0.0113811001410437 0.0149347249647391 0.0153014386459803 0.0172892524682652 0 0.0234491396332863 0.0146548942172073 0.45899215796897 0.208801354019746 0.399824541607898 0.163048688293371 0.583194583921016 0.211860310296192 0.379382566995769 0.342056304654443 0.36654634696756 0.175158589562764 0.38572682651622 0.379643779971791 0.887514922425952 0.685237686882934 0.887540648801128 0.57642538787024 0.834964174894217 0.729678871650212 0.78939610719323 0.678507531734838 0.822839379407616 0.724542059238364 0.796927165021157 0.671935684062059
"K20_3S10" 0.0214942736248237 0.0217831311706629 0.0192793229901269 0.0294538787023977 0.0318322143864598 0.0223935684062059 0.0293860648801128 0.0310946121297602 0.0176626234132581 0.0234491396332863 0 0.0302029901269394 0.452963159379408 0.20436490832158 0.395033455571227 0.158872552891396 0.579469562764457 0.206882595204513 0.37610053596615 0.335216473906911 0.359963779971791 0.169136925246827 0.381646600846262 0.371440789844852 0.884532468265162 0.678772355430183 0.88179125528914 0.571829055007052 0.829036727785614 0.725421156558533 0.786401466854725 0.675214104372355 0.821421833568406 0.721331791255289 0.794323046544429 0.667764400564175
"K20_3S2" 0.0204335119887165 0.018688293370945 0.0220636389280677 0.00847932299012694 0.0099802538787024 0.0172530324400564 0.0111100705218618 0.00727503526093089 0.0237886600846262 0.0146548942172073 0.0302029901269394 0 0.466678702397743 0.217705500705219 0.408597348377997 0.171965472496474 0.591836163610719 0.220413427362482 0.386691001410437 0.350057320169252 0.374464090267983 0.184128970380818 0.394179746121298 0.388969929478138 0.896397630465444 0.693381551480959 0.895171114245416 0.585248519040903 0.843946516220028 0.738038928067701 0.797328631875882 0.686527729196051 0.829028490832158 0.733050380818054 0.805043836389281 0.679558702397743
"K21_1M10" 0.456511819464034 0.45852874471086 0.455855796897038 0.464084174894217 0.465080733427363 0.457184992947814 0.462555486600846 0.466228152327221 0.453829619181946 0.45899215796897 0.452963159379408 0.466678702397743 0 0.307246375176305 0.143026008462623 0.325680338504937 0.247213765867419 0.308832270803949 0.149173935119887 0.265323554301834 0.145186008462623 0.329392496473907 0.134210098730606 0.291560282087447 0.541219407616361 0.503975514809591 0.526635937940762 0.33877461212976 0.486784880112835 0.564598363892807 0.459606431593794 0.475844174894217 0.448102228490832 0.55134442877292 0.429227193229901 0.438065105782793
"K21_1M2" 0.206495345557123 0.209213878702398 0.206091509167842 0.214618110014104 0.215824767277856 0.208071424541608 0.213550803949224 0.217616135401975 0.203395430183357 0.208801354019746 0.20436490832158 0.217705500705219 0.307246375176305 0 0.247266911142454 0.0778834414668547 0.45164874471086 0.0595556558533145 0.242081579689704 0.179224598025388 0.238689534555712 0.0676505500705219 0.25001263751763 0.212427080394922 0.775132637517631 0.578555825105783 0.767546741889986 0.433564795486601 0.728697320169252 0.623931396332863 0.702246657263752 0.583037856135402 0.698519492242595 0.614410944992948 0.674951424541608 0.581432665726375
"K21_1S10" 0.398417150916784 0.400688519040903 0.396981551480959 0.405434809590973 0.407168067700987 0.398343582510578 0.404578053596615 0.408610098730606 0.395518645980254 0.399824541607898 0.395033455571227 0.408597348377997 0.143026008462623 0.247266911142454 0 0.271505444287729 0.254496135401975 0.248141043723554 0.0663286882933709 0.159628095909732 0.116883497884344 0.273877122708039 0.112349901269394 0.185643215796897 0.628008688293371 0.50326047954866 0.614009139633286 0.318624090267983 0.574278138222849 0.562628716502116 0.545559605077574 0.471336868829337 0.508252637517631 0.554398645980254 0.512345613540197 0.438495458392102
"K21_1S2" 0.161637348377997 0.16377466854725 0.161883215796897 0.168939351198872 0.170699464033851 0.161934217207334 0.16767706629055 0.171346798307475 0.15917269393512 0.163048688293371 0.158872552891396 0.171965472496474 0.325680338504937 0.0778834414668547 0.271505444287729 0 0.464101777150917 0.0886737376586742 0.258678251057828 0.19991221438646 0.251286770098731 0.0616356558533145 0.258360056417489 0.236683215796897 0.795400394922426 0.598501551480959 0.790569139633286 0.448076840620592 0.751058730606488 0.644714583921016 0.721432327221439 0.602662679830748 0.722800451339915 0.634341777150917 0.701791819464034 0.596359266572637
"K21_2M10" 0.581337997179125 0.584647447108604 0.58023119887165 0.589072947813822 0.590123554301834 0.582172411847673 0.587231142454161 0.590995655853314 0.578109449929478 0.583194583921016 0.579469562764457 0.591836163610719 0.247213765867419 0.45164874471086 0.254496135401975 0.464101777150917 0 0.438258956276446 0.230735684062059 0.357208462623413 0.280234019746121 0.470413201692525 0.273544710860367 0.384545444287729 0.540018617771509 0.480189788434415 0.541021043723554 0.31123317348378 0.493898899858956 0.530968575458392 0.480527503526093 0.466793455571227 0.448163836389281 0.529034019746121 0.473435712270804 0.446303526093089
"K21_2M2" 0.209621100141044 0.211802990126939 0.207742510578279 0.217316558533145 0.218619012693935 0.210676671368124 0.21579215796897 0.219515712270804 0.206277574047955 0.211860310296192 0.206882595204513 0.220413427362482 0.308832270803949 0.0595556558533145 0.248141043723554 0.0886737376586742 0.438258956276446 0 0.235666121297602 0.17957562764457 0.224785782792666 0.070619125528914 0.241038871650212 0.226648575458392 0.761426911142454 0.561442256699577 0.762743356840621 0.426188660084626 0.710709732016925 0.605167277856135 0.687637686882934 0.568695176304654 0.700091960507757 0.600082482369535 0.676934950634697 0.570877630465444
"K21_2S10" 0.378383638928068 0.379891452750353 0.378693822284908 0.383248519040903 0.384614499294781 0.376514527503526 0.382192383638928 0.386049985895628 0.375336191819464 0.379382566995769 0.37610053596615 0.386691001410437 0.149173935119887 0.242081579689704 0.0663286882933709 0.258678251057828 0.230735684062059 0.235666121297602 0 0.163293878702398 0.0923845416078985 0.268505839210155 0.0958043441466855 0.199853427362482 0.623671424541608 0.506917235543018 0.618822905500705 0.322062284908322 0.571616812411848 0.553760677009873 0.547001523272214 0.472829788434415 0.511686544428773 0.555010324400564 0.516310521861777 0.44699125528914
"K21_2S2" 0.339318928067701 0.342375176304654 0.338414894217207 0.347798702397743 0.349217940761636 0.340602313117066 0.34571023977433 0.349752552891396 0.336588998589563 0.342056304654443 0.335216473906911 0.350057320169252 0.265323554301834 0.179224598025388 0.159628095909732 0.19991221438646 0.357208462623413 0.17957562764457 0.163293878702398 0 0.191201805359661 0.200205246826516 0.20202730606488 0.0991663751763047 0.744879210155148 0.548833963328632 0.740120394922426 0.385979915373766 0.696607729196051 0.59084095909732 0.674854950634697 0.554670916784203 0.623951819464034 0.589388885754584 0.641766318758815 0.549005246826516
"K21_3M10" 0.36435215796897 0.366929196050776 0.362075825105783 0.372139012693935 0.374034076163611 0.364729365303244 0.370443667136812 0.374439717912553 0.360502566995769 0.36654634696756 0.359963779971791 0.374464090267983 0.145186008462623 0.238689534555712 0.116883497884344 0.251286770098731 0.280234019746121 0.224785782792666 0.0923845416078985 0.191201805359661 0 0.240413878702398 0.0582611001410437 0.228086657263752 0.620881241184767 0.50879119887165 0.612889478138223 0.355809534555712 0.563742961918195 0.567167616361072 0.541135458392102 0.480106177715092 0.555775232722144 0.560771339915374 0.532179746121298 0.440714922425952
"K21_3M2" 0.173629901269394 0.17567221438646 0.171692863187588 0.181297038081805 0.182658392101551 0.17379509167842 0.179690380818054 0.183263300423131 0.170643610719323 0.175158589562764 0.169136925246827 0.184128970380818 0.329392496473907 0.0676505500705219 0.273877122708039 0.0616356558533145 0.470413201692525 0.070619125528914 0.268505839210155 0.200205246826516 0.240413878702398 0 0.257692863187588 0.235662849083216 0.779525190409027 0.580520733427362 0.78236784203103 0.454251283497884 0.731767447108604 0.627878702397743 0.706639548660085 0.584385105782793 0.730643497884344 0.618312891396333 0.704867926657264 0.580563046544429
"K21_3S10" 0.384474245416079 0.387216022566996 0.382716953455571 0.3912917348378 0.392942510578279 0.383799492242595 0.389993681241185 0.393990070521862 0.380831706629055 0.38572682651622 0.381646600846262 0.394179746121298 0.134210098730606 0.25001263751763 0.112349901269394 0.258360056417489 0.273544710860367 0.241038871650212 0.0958043441466855 0.20202730606488 0.0582611001410437 0.257692863187588 0 0.223295119887165 0.625657884344147 0.511053540197461 0.616573201692525 0.352416473906911 0.57245167842031 0.573070916784203 0.544492299012694 0.483099125528914 0.554686939351199 0.567763385049365 0.528953229901269 0.442105952045134
"K21_3S2" 0.377144598025388 0.378886770098731 0.375899238363893 0.386422905500705 0.387648631875881 0.377743751763047 0.385044400564175 0.389295007052186 0.373903977433004 0.379643779971791 0.371440789844852 0.388969929478138 0.291560282087447 0.212427080394922 0.185643215796897 0.236683215796897 0.384545444287729 0.226648575458392 0.199853427362482 0.0991663751763047 0.228086657263752 0.235662849083216 0.223295119887165 0 0.760301833568406 0.566137658674189 0.758849534555712 0.403632496473907 0.714767503526093 0.611870691114245 0.697992327221439 0.572542510578279 0.653564682651622 0.605237912552891 0.666041523272214 0.565503864598025
"K22_1M10" 0.885216473906911 0.887902623413258 0.884017150916784 0.893442595204513 0.894402256699577 0.885200902679831 0.892114866008463 0.895604513399154 0.884152440056417 0.887514922425952 0.884532468265162 0.896397630465444 0.541219407616361 0.775132637517631 0.628008688293371 0.795400394922426 0.540018617771509 0.761426911142454 0.623671424541608 0.744879210155148 0.620881241184767 0.779525190409027 0.625657884344147 0.760301833568406 0 0.530995768688293 0.195263977433004 0.566206713681241 0.277029506346968 0.560720451339915 0.244445021156559 0.580944203102962 0.332099746121298 0.546057207334274 0.326156614950635 0.53699904090268
"K22_1M2" 0.683333596614951 0.685507023977433 0.681246600846262 0.69117562764457 0.692018279266573 0.684152440056418 0.688717968970381 0.692826516220028 0.679576417489422 0.685237686882934 0.678772355430183 0.693381551480959 0.503975514809591 0.578555825105783 0.50326047954866 0.598501551480959 0.480189788434415 0.561442256699577 0.506917235543018 0.548833963328632 0.50879119887165 0.580520733427362 0.511053540197461 0.566137658674189 0.530995768688293 0 0.584669111424542 0.225615796897038 0.454716727785614 0.255926995768688 0.458342905500705 0.174565754583921 0.550816135401975 0.280690550070522 0.524914076163611 0.155951368124118
"K22_1S10" 0.885409083215797 0.887451509167842 0.882767277856135 0.893389111424542 0.894206713681241 0.885588490832158 0.890765472496474 0.895354696755994 0.881800620592384 0.887540648801128 0.88179125528914 0.895171114245416 0.526635937940762 0.767546741889986 0.614009139633286 0.790569139633286 0.541021043723554 0.762743356840621 0.618822905500705 0.740120394922426 0.612889478138223 0.78236784203103 0.616573201692525 0.758849534555712 0.195263977433004 0.584669111424542 0 0.5830517348378 0.357163667136812 0.626383526093089 0.324580761636107 0.570273624823695 0.352086318758815 0.600447052186178 0.325303582510578 0.531263526093089
"K22_1S2" 0.574563836389281 0.57684197461213 0.573166939351199 0.582703187588152 0.583127108603667 0.574928293370945 0.580435430183357 0.584733201692525 0.571453540197461 0.57642538787024 0.571829055007052 0.585248519040903 0.33877461212976 0.433564795486601 0.318624090267983 0.448076840620592 0.31123317348378 0.426188660084626 0.322062284908322 0.385979915373766 0.355809534555712 0.454251283497884 0.352416473906911 0.403632496473907 0.566206713681241 0.225615796897038 0.5830517348378 0 0.495771509167842 0.299343638928068 0.499209478138223 0.245874640338505 0.526807898448519 0.339230014104372 0.507425557122708 0.254244513399154
"K22_2M10" 0.831967052186178 0.834089139633286 0.830469732016925 0.841182623413258 0.842022228490832 0.832659181946403 0.839341269393512 0.843828152327221 0.829011565585331 0.834964174894217 0.829036727785614 0.843946516220028 0.486784880112835 0.728697320169252 0.574278138222849 0.751058730606488 0.493898899858956 0.710709732016925 0.571616812411848 0.696607729196051 0.563742961918195 0.731767447108604 0.57245167842031 0.714767503526093 0.277029506346968 0.454716727785614 0.357163667136812 0.495771509167842 0 0.477019689703808 0.213190409026798 0.520482820874471 0.306702510578279 0.457126318758815 0.310418617771509 0.466516558533145
"K22_2M2" 0.726386911142454 0.729104090267983 0.726316163610719 0.735393511988716 0.735717348377997 0.727057715091678 0.733611170662905 0.737377940761636 0.724212016925247 0.729678871650212 0.725421156558533 0.738038928067701 0.564598363892807 0.623931396332863 0.562628716502116 0.644714583921016 0.530968575458392 0.605167277856135 0.553760677009873 0.59084095909732 0.567167616361072 0.627878702397743 0.573070916784203 0.611870691114245 0.560720451339915 0.255926995768688 0.626383526093089 0.299343638928068 0.477019689703808 0 0.501329534555712 0.345159830747532 0.584226798307475 0.13676095909732 0.561861100141044 0.338066572637518
"K22_2S10" 0.787878928067701 0.791530155148096 0.7865658674189 0.794707700987306 0.795304823695346 0.789058166431594 0.792402820874471 0.797360789844852 0.784910014104372 0.78939610719323 0.786401466854725 0.797328631875882 0.459606431593794 0.702246657263752 0.545559605077574 0.721432327221439 0.480527503526093 0.687637686882934 0.547001523272214 0.674854950634697 0.541135458392102 0.706639548660085 0.544492299012694 0.697992327221439 0.244445021156559 0.458342905500705 0.324580761636107 0.499209478138223 0.213190409026798 0.501329534555712 0 0.50289658674189 0.204436558533145 0.479324118476728 0.167934442877292 0.460867813822285
"K22_2S2" 0.675876558533145 0.679507926657264 0.675071593794076 0.683805698166432 0.6844176022567 0.676609308885755 0.682170944992948 0.685508039492243 0.674726995768688 0.678507531734838 0.675214104372355 0.686527729196051 0.475844174894217 0.583037856135402 0.471336868829337 0.602662679830748 0.466793455571227 0.568695176304654 0.472829788434415 0.554670916784203 0.480106177715092 0.584385105782793 0.483099125528914 0.572542510578279 0.580944203102962 0.174565754583921 0.570273624823695 0.245874640338505 0.520482820874471 0.345159830747532 0.50289658674189 0 0.552375853314528 0.372866572637518 0.51185263751763 0.134163159379408
"K22_3M10" 0.819926770098731 0.824253314527504 0.819780987306065 0.82674538787024 0.826386459802539 0.823254499294781 0.824142736248237 0.82816880112835 0.819371509167842 0.822839379407616 0.821421833568406 0.829028490832158 0.448102228490832 0.698519492242595 0.508252637517631 0.722800451339915 0.448163836389281 0.700091960507757 0.511686544428773 0.623951819464034 0.555775232722144 0.730643497884344 0.554686939351199 0.653564682651622 0.332099746121298 0.550816135401975 0.352086318758815 0.526807898448519 0.306702510578279 0.584226798307475 0.204436558533145 0.552375853314528 0 0.566523215796897 0.114237517630465 0.511745218617772
"K22_3M2" 0.722432722143865 0.724098730606488 0.721819012693935 0.730035768688293 0.73106730606488 0.723376022566996 0.728812299012694 0.732639887165021 0.719765416078984 0.724542059238364 0.721331791255289 0.733050380818054 0.55134442877292 0.614410944992948 0.554398645980254 0.634341777150917 0.529034019746121 0.600082482369535 0.555010324400564 0.589388885754584 0.560771339915374 0.618312891396333 0.567763385049365 0.605237912552891 0.546057207334274 0.280690550070522 0.600447052186178 0.339230014104372 0.457126318758815 0.13676095909732 0.479324118476728 0.372866572637518 0.566523215796897 0 0.544333314527504 0.364685923836389
"K22_3S10" 0.795164344146685 0.799257433004231 0.793266685472496 0.802866008462623 0.803386967559944 0.795944485190409 0.800944767277856 0.805231932299013 0.793362031029619 0.796927165021157 0.794323046544429 0.805043836389281 0.429227193229901 0.674951424541608 0.512345613540197 0.701791819464034 0.473435712270804 0.676934950634697 0.516310521861777 0.641766318758815 0.532179746121298 0.704867926657264 0.528953229901269 0.666041523272214 0.326156614950635 0.524914076163611 0.325303582510578 0.507425557122708 0.310418617771509 0.561861100141044 0.167934442877292 0.51185263751763 0.114237517630465 0.544333314527504 0 0.473288124118477
"K22_3S2" 0.669724005641749 0.671510634696756 0.667940084626234 0.676488913963329 0.677766995768688 0.66998442877292 0.675715655853315 0.678813878702398 0.666024936530324 0.671935684062059 0.667764400564175 0.679558702397743 0.438065105782793 0.581432665726375 0.438495458392102 0.596359266572637 0.446303526093089 0.570877630465444 0.44699125528914 0.549005246826516 0.440714922425952 0.580563046544429 0.442105952045134 0.565503864598025 0.53699904090268 0.155951368124118 0.531263526093089 0.254244513399154 0.466516558533145 0.338066572637518 0.460867813822285 0.134163159379408 0.511745218617772 0.364685923836389 0.473288124118477 0
