"K20_1M10" "K20_1M2" "K20_1S10" "K20_1S2" "K20_2M10" "K20_2M2" "K20_2S10" "K20_2S2" "K20_3M10" "K20_3M2" "K20_3S10" "K20_3S2" "K21_1M10" "K21_1M2" "K21_1S10" "K21_1S2" "K21_2M10" "K21_2M2" "K21_2S10" "K21_2S2" "K21_3M10" "K21_3M2" "K21_3S10" "K21_3S2" "K22_1M10" "K22_1M2" "K22_1S10" "K22_1S2" "K22_2M10" "K22_2M2" "K22_2S10" "K22_2S2" "K22_3M10" "K22_3M2" "K22_3S10" "K22_3S2"
"K20_1M10" 0 0.202244793712889 0.205139771249884 0.228657978731223 0.173626893379746 0.211459436954078 0.219471453816843 0.234470293755562 0.167041281048304 0.202540263221178 0.206382388068637 0.221528750512796 0.451779894210958 0.474298871738071 0.459738465217255 0.489747355561375 0.446366681187867 0.47035055479637 0.452170850335931 0.482746510116029 0.436538788430605 0.46677670890261 0.441858083316681 0.462860995776675 0.453736953831334 0.520485731357242 0.463101371246588 0.526177005307202 0.469727308407931 0.520315578748734 0.47588967702042 0.52123263133304 0.45320728598959 0.517905025076122 0.463624903826121 0.53030617737498
"K20_1M2" 0.202244793712889 0 0.22468588317272 0.202828496799274 0.2109499772287 0.180973770014436 0.247489787072795 0.205345499860926 0.201330309432872 0.181453100890204 0.231962555050648 0.19906068120469 0.4461787063005 0.457508593742082 0.446184416979673 0.467742397380774 0.439426967997259 0.452660429196383 0.439879002579835 0.459866801962527 0.434913914189765 0.450205582174161 0.432192414893326 0.438390092744263 0.457671971402043 0.509311855222392 0.461337583757624 0.509124895486007 0.470243751688456 0.51081044967753 0.472286473704468 0.503480765587193 0.455060456927818 0.511508275919948 0.458995386051584 0.514593208768111
"K20_1S10" 0.205139771249884 0.22468588317272 0 0.217221515025662 0.211482649490191 0.223937512321021 0.196954016309208 0.224438851979134 0.209866671131934 0.226534331891499 0.18942042927451 0.212883756666683 0.445755395793526 0.468259476789902 0.435032777081823 0.474519745256445 0.440448947491914 0.465154396650432 0.427245374251129 0.464318938024129 0.432689485711559 0.461580427891256 0.423387223483844 0.442258909651443 0.451953631176044 0.517708605475146 0.447350869574442 0.506705004886015 0.46487781104409 0.518644410104637 0.462241771544841 0.49839357264731 0.4469801837712 0.516651818042389 0.448541611791695 0.510543949980213
"K20_1S2" 0.228657978731223 0.202828496799274 0.217221515025662 0 0.232345217482192 0.189874663685229 0.238908234657896 0.176316393417197 0.229065484944368 0.197537853944633 0.234086800968373 0.170786515436736 0.437908540890646 0.446527275609631 0.429884487673212 0.445648468311859 0.428182463159395 0.443588798070636 0.422402035687826 0.437278734324666 0.424041835084065 0.443762157503823 0.409475274552629 0.421326134679761 0.454987278200827 0.50304761161981 0.443697003561124 0.488630345042309 0.464475066602797 0.504524833382152 0.455077539832082 0.481185648583369 0.442635431034299 0.503371162125261 0.439430390530027 0.49247417908817
"K20_2M10" 0.173626893379746 0.2109499772287 0.211482649490191 0.232345217482192 0 0.220787565040083 0.210668705849255 0.238350695411754 0.16417689773519 0.211777620419487 0.205012740709066 0.228380247756119 0.462219153690764 0.486805629645293 0.47121323018004 0.500504993672891 0.456893409601563 0.48703765100599 0.462916649582959 0.494345562881248 0.448178014878058 0.48161035717404 0.453502846901934 0.475295483346643 0.463949565855262 0.533039249417914 0.471801846961604 0.539307147179245 0.48021582751206 0.529640896869115 0.485249107123492 0.532751680735498 0.46286690875403 0.527316632889185 0.476944863631818 0.541678476869228
"K20_2M2" 0.211459436954078 0.180973770014436 0.223937512321021 0.189874663685229 0.220787565040083 0 0.250347489079984 0.19058392706385 0.211211959514116 0.179374632956182 0.238991617274352 0.186986313199281 0.433212877887374 0.439800750640086 0.42962795038044 0.450267716849377 0.422132962099106 0.437549759455991 0.424951587215697 0.44455583377179 0.41774309210143 0.435408254286494 0.415446040487531 0.427184097349762 0.443239058557145 0.491574402742701 0.444196864276628 0.492651897746017 0.457050273131061 0.492971772892681 0.455711126086697 0.485454150348573 0.434632242515133 0.495477753866716 0.443975415971156 0.495679907432094
"K20_2S10" 0.219471453816843 0.247489787072795 0.196954016309208 0.238908234657896 0.210668705849255 0.250347489079984 0 0.248614224734001 0.217121231664994 0.246328720791828 0.193267723531185 0.236564560280647 0.465378000157797 0.488959236607034 0.456519418344628 0.493894109708301 0.45886899688248 0.487704001117886 0.444452394720801 0.484353037422773 0.448600391497703 0.486161254520143 0.44042582683423 0.466042337130784 0.471261436501965 0.535397375314023 0.465135123756265 0.525156221139352 0.486476396926633 0.535724461346765 0.477628115976846 0.519771965859024 0.463165414327235 0.534434870677018 0.467998675955064 0.530654028828105
"K20_2S2" 0.234470293755562 0.205345499860926 0.224438851979134 0.176316393417197 0.238350695411754 0.19058392706385 0.248614224734001 0 0.232193067361089 0.201453225636347 0.244688789332453 0.174653050089395 0.427179848301526 0.437428123467548 0.423087974160238 0.437000151380075 0.417591172486451 0.433144381553926 0.419277766431695 0.427967376635898 0.415691258546426 0.43029476519738 0.400242989412371 0.410799241818856 0.444544475772178 0.494133828357726 0.432505465585242 0.482544048845561 0.456891510785588 0.493763479574033 0.448057147605322 0.472797734916949 0.435036315913711 0.494728344554935 0.432700165872609 0.485603828666219
"K20_3M10" 0.167041281048304 0.201330309432872 0.209866671131934 0.229065484944368 0.16417689773519 0.211211959514116 0.217121231664994 0.232193067361089 0 0.202950722631704 0.199278045441541 0.223161988838795 0.456340488144326 0.474959607804623 0.461834461455583 0.489131434197196 0.449991011940817 0.474239090270235 0.454127258690162 0.485319248171245 0.441638706683334 0.47108534533511 0.448142438525886 0.46724842111894 0.45718752332774 0.519877797754961 0.465641300908935 0.527534820520802 0.471231003316929 0.52060605250985 0.478263837231142 0.52252889294472 0.454953593082492 0.518419109444452 0.469138149247318 0.531126877050131
"K20_3M2" 0.202540263221178 0.181453100890204 0.226534331891499 0.197537853944633 0.211777620419487 0.179374632956182 0.246328720791828 0.201453225636347 0.202950722631704 0 0.232167866202989 0.193743335385182 0.447070542516226 0.45858037471062 0.448768459308479 0.470090344160767 0.441081053728608 0.454374279819511 0.442408019470888 0.464762717231269 0.434311457668585 0.451752147606305 0.432360945029956 0.44565148326029 0.456234478391174 0.512390631794508 0.462011287394612 0.512310760436095 0.470781644805824 0.513500475464904 0.475410245669052 0.50613107713818 0.454293594782338 0.513428034537111 0.463509200821853 0.516486571279688
"K20_3S10" 0.206382388068637 0.231962555050648 0.18942042927451 0.234086800968373 0.205012740709066 0.238991617274352 0.193267723531185 0.244688789332453 0.199278045441541 0.232167866202989 0 0.229573504668455 0.466268464957714 0.487097381573023 0.459403909331985 0.493601427568058 0.459896004282161 0.482388095682629 0.446906783101676 0.486083652800841 0.450505405352308 0.482175053314822 0.438209939894425 0.464531182500021 0.468842837405084 0.532958047572456 0.46486477630967 0.520613200699239 0.485352915456345 0.532187305432062 0.478563753864713 0.519715519132365 0.463745014819644 0.52872549093058 0.468933685352845 0.530104831731756
"K20_3S2" 0.221528750512796 0.19906068120469 0.212883756666683 0.170786515436736 0.228380247756119 0.186986313199281 0.236564560280647 0.174653050089395 0.223161988838795 0.193743335385182 0.229573504668455 0 0.441548077750273 0.449718505380429 0.434115401275982 0.449172483905795 0.431389956871993 0.446053012323877 0.429895150744772 0.442541231830088 0.4275772790879 0.444328199214019 0.413611291976807 0.422878950251405 0.455404073236886 0.506577337695238 0.445852437906466 0.495360598753207 0.467177427452284 0.509163631699206 0.459894188880021 0.486439881808943 0.446208571822641 0.508375213092234 0.444547466284288 0.497425472410684
"K21_1M10" 0.451779894210958 0.4461787063005 0.445755395793526 0.437908540890646 0.462219153690764 0.433212877887374 0.465378000157797 0.427179848301526 0.456340488144326 0.447070542516226 0.466268464957714 0.441548077750273 0 0.215441949521816 0.206865253663532 0.228760196328555 0.198351310902333 0.221968850108109 0.233227846938134 0.226361664104547 0.19393192880854 0.220152754956485 0.234337841055922 0.234447466076842 0.285722249762866 0.31448205257598 0.299086903132299 0.315827688397448 0.292494313843688 0.314618279864394 0.302151409152294 0.309598522249535 0.288854327694689 0.319068105391635 0.298293104750051 0.320976924032972
"K21_1M2" 0.474298871738071 0.457508593742082 0.468259476789902 0.446527275609631 0.486805629645293 0.439800750640086 0.488959236607034 0.437428123467548 0.474959607804623 0.45858037471062 0.487097381573023 0.449718505380429 0.215441949521816 0 0.250293141048781 0.199944289573461 0.226841198232527 0.181682100468472 0.265784371555456 0.210471911917082 0.223210041791701 0.181547540585628 0.261706266077818 0.217148159106042 0.320067132114144 0.297102806214939 0.332976502503757 0.309202100999384 0.320882003862197 0.30122986745365 0.333477286244248 0.305788834219852 0.318865451413291 0.308976146065744 0.321324538914815 0.308433981829336
"K21_1S10" 0.459738465217255 0.446184416979673 0.435032777081823 0.429884487673212 0.47121323018004 0.42962795038044 0.456519418344628 0.423087974160238 0.461834461455583 0.448768459308479 0.459403909331985 0.434115401275982 0.206865253663532 0.250293141048781 0 0.239562024272414 0.214936829554201 0.252686082893678 0.208707976291893 0.230410403798398 0.210525558822701 0.253458420258987 0.216447541201337 0.241359613170251 0.288097037270324 0.329316317313266 0.278393284355374 0.3083575241359 0.291447921229853 0.3264876309189 0.278110518468483 0.299714791768228 0.281239490417604 0.336176860697795 0.273767585405633 0.311796028427118
"K21_1S2" 0.489747355561375 0.467742397380774 0.474519745256445 0.445648468311859 0.500504993672891 0.450267716849377 0.493894109708301 0.437000151380075 0.489131434197196 0.470090344160767 0.493601427568058 0.449172483905795 0.228760196328555 0.199944289573461 0.239562024272414 0 0.233464749613895 0.201820418436779 0.254738169945436 0.19198050216894 0.233209551094871 0.195811363701077 0.250253879732412 0.200881233695773 0.330236307402562 0.309897624151834 0.32613013176011 0.297321667078811 0.329139472651878 0.312091569360241 0.328681639631186 0.295970686461805 0.322699642889916 0.318212708613738 0.308446425287034 0.296213036084337
"K21_2M10" 0.446366681187867 0.439426967997259 0.440448947491914 0.428182463159395 0.456893409601563 0.422132962099106 0.45886899688248 0.417591172486451 0.449991011940817 0.441081053728608 0.459896004282161 0.431389956871993 0.198351310902333 0.226841198232527 0.214936829554201 0.233464749613895 0 0.231929657060184 0.211989319597497 0.230481279657497 0.188592624141641 0.233757978610825 0.22376247135916 0.240404402652451 0.298321583542667 0.327547160762843 0.301567838164997 0.32333677302803 0.304307583732637 0.327285715853565 0.300685702675981 0.316226965773683 0.289169513635854 0.331668812905416 0.294692474097911 0.327325536890223
"K21_2M2" 0.47035055479637 0.452660429196383 0.465154396650432 0.443588798070636 0.48703765100599 0.437549759455991 0.487704001117886 0.433144381553926 0.474239090270235 0.454374279819511 0.482388095682629 0.446053012323877 0.221968850108109 0.181682100468472 0.252686082893678 0.201820418436779 0.231929657060184 0 0.264324089117007 0.211498287658926 0.227584556831993 0.183297133331161 0.261295166312257 0.215405103443293 0.320844487665228 0.300132778945595 0.335329118090933 0.309995364965533 0.324750133592222 0.304616422266501 0.338250967253031 0.302049389562386 0.322270500568967 0.309567239715096 0.323057416001731 0.306399741598615
"K21_2S10" 0.452170850335931 0.439879002579835 0.427245374251129 0.422402035687826 0.462916649582959 0.424951587215697 0.444452394720801 0.419277766431695 0.454127258690162 0.442408019470888 0.446906783101676 0.429895150744772 0.233227846938134 0.265784371555456 0.208707976291893 0.254738169945436 0.211989319597497 0.264324089117007 0 0.243058333658643 0.216519369439047 0.266446755896971 0.207738497701772 0.244660007883666 0.310056470449017 0.350250937394189 0.292324631072146 0.330152941299259 0.31797021866252 0.347183506719787 0.28998289721848 0.318210766674949 0.297870126207991 0.357232245811565 0.2889639336214 0.332659504518219
"K21_2S2" 0.482746510116029 0.459866801962527 0.464318938024129 0.437278734324666 0.494345562881248 0.44455583377179 0.484353037422773 0.427967376635898 0.485319248171245 0.464762717231269 0.486083652800841 0.442541231830088 0.226361664104547 0.210471911917082 0.230410403798398 0.19198050216894 0.230481279657497 0.211498287658926 0.243058333658643 0 0.227618804224069 0.214093270002365 0.243168203860632 0.200031781654032 0.314794566557204 0.310563914659694 0.308969062024006 0.28996407504067 0.31651244754673 0.314706104020854 0.313407203082276 0.285005343637368 0.310734230927015 0.320752320679297 0.295580549294926 0.295074777723764
"K21_3M10" 0.436538788430605 0.434913914189765 0.432689485711559 0.424041835084065 0.448178014878058 0.41774309210143 0.448600391497703 0.415691258546426 0.441638706683334 0.434311457668585 0.450505405352308 0.4275772790879 0.19393192880854 0.223210041791701 0.210525558822701 0.233209551094871 0.188592624141641 0.227584556831993 0.216519369439047 0.227618804224069 0 0.228643943773577 0.215110106032635 0.239480487076697 0.294066665163848 0.326870163846626 0.302328195738637 0.329081108891821 0.300443606753582 0.321648235292015 0.299621410989721 0.321011316304658 0.291139264478768 0.331989878423877 0.292101455844147 0.328960889217199
"K21_3M2" 0.46677670890261 0.450205582174161 0.461580427891256 0.443762157503823 0.48161035717404 0.435408254286494 0.486161254520143 0.43029476519738 0.47108534533511 0.451752147606305 0.482175053314822 0.444328199214019 0.220152754956485 0.181547540585628 0.253458420258987 0.195811363701077 0.233757978610825 0.183297133331161 0.266446755896971 0.214093270002365 0.228643943773577 0 0.264205123952468 0.21791009284591 0.328117055583157 0.304945662738909 0.341707920988462 0.317158836958407 0.330245686545999 0.308478474946007 0.342569919225505 0.311519161774597 0.325082991851367 0.313392997676413 0.329383428050639 0.312864640692745
"K21_3S10" 0.441858083316681 0.432192414893326 0.423387223483844 0.409475274552629 0.453502846901934 0.415446040487531 0.44042582683423 0.400242989412371 0.448142438525886 0.432360945029956 0.438209939894425 0.413611291976807 0.234337841055922 0.261706266077818 0.216447541201337 0.250253879732412 0.22376247135916 0.261295166312257 0.207738497701772 0.243168203860632 0.215110106032635 0.264205123952468 0 0.246254647708525 0.314208820312617 0.350261442308258 0.283244578397606 0.326832350655256 0.318348508995792 0.351800380646198 0.288682771043302 0.318208707760148 0.302015636176009 0.352658598327772 0.281793166541774 0.327221256327359
"K21_3S2" 0.462860995776675 0.438390092744263 0.442258909651443 0.421326134679761 0.475295483346643 0.427184097349762 0.466042337130784 0.410799241818856 0.46724842111894 0.44565148326029 0.464531182500021 0.422878950251405 0.234447466076842 0.217148159106042 0.241359613170251 0.200881233695773 0.240404402652451 0.215405103443293 0.244660007883666 0.200031781654032 0.239480487076697 0.21791009284591 0.246254647708525 0 0.320209714587149 0.31875080163335 0.315185276134034 0.298430087078915 0.322376786033308 0.321634380781357 0.324499331991618 0.297517461115637 0.316277083018018 0.326240119402817 0.30505430089499 0.306651347850208
"K22_1M10" 0.453736953831334 0.457671971402043 0.451953631176044 0.454987278200827 0.463949565855262 0.443239058557145 0.471261436501965 0.444544475772178 0.45718752332774 0.456234478391174 0.468842837405084 0.455404073236886 0.285722249762866 0.320067132114144 0.288097037270324 0.330236307402562 0.298321583542667 0.320844487665228 0.310056470449017 0.314794566557204 0.294066665163848 0.328117055583157 0.314208820312617 0.320209714587149 0 0.253421933393446 0.223053866227842 0.260361352505366 0.200992285766482 0.248875598032051 0.229861861079878 0.257632883244917 0.214217195889759 0.253504984348035 0.23027310408724 0.267389964812323
"K22_1M2" 0.520485731357242 0.509311855222392 0.517708605475146 0.50304761161981 0.533039249417914 0.491574402742701 0.535397375314023 0.494133828357726 0.519877797754961 0.512390631794508 0.532958047572456 0.506577337695238 0.31448205257598 0.297102806214939 0.329316317313266 0.309897624151834 0.327547160762843 0.300132778945595 0.350250937394189 0.310563914659694 0.326870163846626 0.304945662738909 0.350261442308258 0.31875080163335 0.253421933393446 0 0.28682886943864 0.225037929534475 0.246545878318375 0.183080541826375 0.2767423111859 0.231325561905422 0.257745688221533 0.187843547012011 0.266175871546597 0.21036578719912
"K22_1S10" 0.463101371246588 0.461337583757624 0.447350869574442 0.443697003561124 0.471801846961604 0.444196864276628 0.465135123756265 0.432505465585242 0.465641300908935 0.462011287394612 0.46486477630967 0.445852437906466 0.299086903132299 0.332976502503757 0.278393284355374 0.32613013176011 0.301567838164997 0.335329118090933 0.292324631072146 0.308969062024006 0.302328195738637 0.341707920988462 0.283244578397606 0.315185276134034 0.223053866227842 0.28682886943864 0 0.26115133127444 0.233518637436646 0.2865268028237 0.199434226851444 0.253036583880712 0.222380802122585 0.289884196812895 0.204846157164132 0.264094149204057
"K22_1S2" 0.526177005307202 0.509124895486007 0.506705004886015 0.488630345042309 0.539307147179245 0.492651897746017 0.525156221139352 0.482544048845561 0.527534820520802 0.512310760436095 0.520613200699239 0.495360598753207 0.315827688397448 0.309202100999384 0.3083575241359 0.297321667078811 0.32333677302803 0.309995364965533 0.330152941299259 0.28996407504067 0.329081108891821 0.317158836958407 0.326832350655256 0.298430087078915 0.260361352505366 0.225037929534475 0.26115133127444 0 0.25170193270066 0.230337591178155 0.259008272480124 0.19351681984756 0.262987444467623 0.231034168450268 0.246683413115359 0.195572591126355
"K22_2M10" 0.469727308407931 0.470243751688456 0.46487781104409 0.464475066602797 0.48021582751206 0.457050273131061 0.486476396926633 0.456891510785588 0.471231003316929 0.470781644805824 0.485352915456345 0.467177427452284 0.292494313843688 0.320882003862197 0.291447921229853 0.329139472651878 0.304307583732637 0.324750133592222 0.31797021866252 0.31651244754673 0.300443606753582 0.330245686545999 0.318348508995792 0.322376786033308 0.200992285766482 0.246545878318375 0.233518637436646 0.25170193270066 0 0.241513372524209 0.22602380748495 0.251333378067856 0.206880415858498 0.246153800015 0.232795126441242 0.258178387419893
"K22_2M2" 0.520315578748734 0.51081044967753 0.518644410104637 0.504524833382152 0.529640896869115 0.492971772892681 0.535724461346765 0.493763479574033 0.52060605250985 0.513500475464904 0.532187305432062 0.509163631699206 0.314618279864394 0.30122986745365 0.3264876309189 0.312091569360241 0.327285715853565 0.304616422266501 0.347183506719787 0.314706104020854 0.321648235292015 0.308478474946007 0.351800380646198 0.321634380781357 0.248875598032051 0.183080541826375 0.2865268028237 0.230337591178155 0.241513372524209 0 0.279177599981338 0.243113356748528 0.259992603412579 0.18515152335792 0.268193296409607 0.220407146349837
"K22_2S10" 0.47588967702042 0.472286473704468 0.462241771544841 0.455077539832082 0.485249107123492 0.455711126086697 0.477628115976846 0.448057147605322 0.478263837231142 0.475410245669052 0.478563753864713 0.459894188880021 0.302151409152294 0.333477286244248 0.278110518468483 0.328681639631186 0.300685702675981 0.338250967253031 0.28998289721848 0.313407203082276 0.299621410989721 0.342569919225505 0.288682771043302 0.324499331991618 0.229861861079878 0.2767423111859 0.199434226851444 0.259008272480124 0.22602380748495 0.279177599981338 0 0.250075001792545 0.216683189237642 0.285720216838663 0.200163118513415 0.257651043219792
"K22_2S2" 0.52123263133304 0.503480765587193 0.49839357264731 0.481185648583369 0.532751680735498 0.485454150348573 0.519771965859024 0.472797734916949 0.52252889294472 0.50613107713818 0.519715519132365 0.486439881808943 0.309598522249535 0.305788834219852 0.299714791768228 0.295970686461805 0.316226965773683 0.302049389562386 0.318210766674949 0.285005343637368 0.321011316304658 0.311519161774597 0.318208707760148 0.297517461115637 0.257632883244917 0.231325561905422 0.253036583880712 0.19351681984756 0.251333378067856 0.243113356748528 0.250075001792545 0 0.253527844218679 0.243835736162486 0.235719801874778 0.193381575717363
"K22_3M10" 0.45320728598959 0.455060456927818 0.4469801837712 0.442635431034299 0.46286690875403 0.434632242515133 0.463165414327235 0.435036315913711 0.454953593082492 0.454293594782338 0.463745014819644 0.446208571822641 0.288854327694689 0.318865451413291 0.281239490417604 0.322699642889916 0.289169513635854 0.322270500568967 0.297870126207991 0.310734230927015 0.291139264478768 0.325082991851367 0.302015636176009 0.316277083018018 0.214217195889759 0.257745688221533 0.222380802122585 0.262987444467623 0.206880415858498 0.259992603412579 0.216683189237642 0.253527844218679 0 0.263728377417909 0.208909169638543 0.2588456508859
"K22_3M2" 0.517905025076122 0.511508275919948 0.516651818042389 0.503371162125261 0.527316632889185 0.495477753866716 0.534434870677018 0.494728344554935 0.518419109444452 0.513428034537111 0.52872549093058 0.508375213092234 0.319068105391635 0.308976146065744 0.336176860697795 0.318212708613738 0.331668812905416 0.309567239715096 0.357232245811565 0.320752320679297 0.331989878423877 0.313392997676413 0.352658598327772 0.326240119402817 0.253504984348035 0.187843547012011 0.289884196812895 0.231034168450268 0.246153800015 0.18515152335792 0.285720216838663 0.243835736162486 0.263728377417909 0 0.274995135341819 0.222971259389606
"K22_3S10" 0.463624903826121 0.458995386051584 0.448541611791695 0.439430390530027 0.476944863631818 0.443975415971156 0.467998675955064 0.432700165872609 0.469138149247318 0.463509200821853 0.468933685352845 0.444547466284288 0.298293104750051 0.321324538914815 0.273767585405633 0.308446425287034 0.294692474097911 0.323057416001731 0.2889639336214 0.295580549294926 0.292101455844147 0.329383428050639 0.281793166541774 0.30505430089499 0.23027310408724 0.266175871546597 0.204846157164132 0.246683413115359 0.232795126441242 0.268193296409607 0.200163118513415 0.235719801874778 0.208909169638543 0.274995135341819 0 0.243565450138842
"K22_3S2" 0.53030617737498 0.514593208768111 0.510543949980213 0.49247417908817 0.541678476869228 0.495679907432094 0.530654028828105 0.485603828666219 0.531126877050131 0.516486571279688 0.530104831731756 0.497425472410684 0.320976924032972 0.308433981829336 0.311796028427118 0.296213036084337 0.327325536890223 0.306399741598615 0.332659504518219 0.295074777723764 0.328960889217199 0.312864640692745 0.327221256327359 0.306651347850208 0.267389964812323 0.21036578719912 0.264094149204057 0.195572591126355 0.258178387419893 0.220407146349837 0.257651043219792 0.193381575717363 0.2588456508859 0.222971259389606 0.243565450138842 0
