"K20_1M10" "K20_1M2" "K20_1S10" "K20_1S2" "K20_2M10" "K20_2M2" "K20_2S10" "K20_2S2" "K20_3M10" "K20_3M2" "K20_3S10" "K20_3S2" "K21_1M10" "K21_1M2" "K21_1S10" "K21_1S2" "K21_2M10" "K21_2M2" "K21_2S10" "K21_2S2" "K21_3M10" "K21_3M2" "K21_3S10" "K21_3S2" "K22_1M10" "K22_1M2" "K22_1S10" "K22_1S2" "K22_2M10" "K22_2M2" "K22_2S10" "K22_2S2" "K22_3M10" "K22_3M2" "K22_3S10" "K22_3S2"
"K20_1M10" 0 3747.95130304552 4289.5430752086 5218.44079392031 2377.95344653864 2941.90965299598 6397.90396873475 5047.14680201128 1468.8059347026 2537.48323992814 4475.3871886924 5932.51598888408 8196.76085250969 8150.04464106781 8646.57995041782 8185.08963010687 7480.89776727358 8425.82775845502 7630.50546662169 7817.6142367775 6891.34773656896 7784.17259399318 8363.3188622918 8601.65878959233 8316.88309518031 9629.14080356549 8006.0427074729 10213.9679521442 8152.06825640055 9389.95164797009 7583.51439587209 9881.86804617245 7358.41647757462 10293.7228212736 8135.61319921569 9980.68629863114
"K20_1M2" 3747.95130304552 0 3518.45853496259 2991.79705848275 5664.44300815259 2109.51408477635 4972.89166152477 2802.11963599383 4363.57943476293 1985.32801954503 4075.63405514509 3421.25774151476 7145.71060377232 7052.77222382132 7133.79047749841 6500.95226839307 6635.84050546751 7038.65751895412 6612.08362341099 6375.88781866554 6558.9803574044 6569.86880574967 6563.11748399382 6622.01860929873 8553.02212931867 9308.17850893208 7928.89530575222 8995.26987200107 8194.69476654043 9253.28977730307 7409.49912687065 8619.72143771663 7546.59054856574 9720.10049615872 7624.24498798832 8665.04245224102
"K20_1S10" 4289.5430752086 3518.45853496259 0 2796.23831336655 5650.35633613435 4018.65502354494 2976.73445108669 2827.62120644191 4660.46936214351 3556.61832318595 2099.34390880107 3003.15922184052 8011.60419572472 8259.45135262152 7440.32196083457 7363.08181496674 7531.51375123271 8339.90434537419 6880.08401317578 7160.10532847862 7208.58576648719 7839.1490190434 6969.82547910562 7576.59545670708 9077.16876007187 10159.9292352001 7928.41507175717 9466.29270092799 8744.33335876307 10025.7466581221 7392.10677744189 9142.16843134136 8107.27795312506 10578.6305471579 7815.25782049764 9115.45242396434
"K20_1S2" 5218.44079392031 2991.79705848275 2796.23831336655 0 6803.70191700198 3513.22089080976 3818.19085797173 880.947835427475 5640.5236178022 3456.19348820382 3769.6243992767 1633.47196191843 8116.4369555576 8088.13372540416 7389.10481360471 6790.7186626551 7557.44006017947 7988.30969868051 6940.82757575719 6711.70182990992 7552.56548922861 7601.13060333343 6712.93458807035 6892.49619144668 9476.64529646292 10129.0203352384 8143.54571279165 8958.80666642973 9046.22863033374 10144.772629154 7514.29544640744 8539.91787612436 8311.39801009052 10533.6952015243 7637.90722252352 8484.76639469046
"K20_2M10" 2377.95344653864 5664.44300815259 5650.35633613435 6803.70191700198 0 4631.69020863569 7607.85747496248 6663.02458621898 1657.48041006829 4244.1000383409 5345.66865428439 7556.65072560911 9544.86129578706 9480.97610245499 10077.1982352675 9640.23378908672 8747.11744469905 9828.05534988454 8866.84905655833 9255.33862976371 8051.69284855449 9156.32949024013 9870.77434732653 10140.1367671985 8999.88789789203 10404.2791853785 8790.21642543585 11261.6102652078 8952.7965474806 10088.318686906 8437.2728887013 10986.9543880543 8163.56929444756 11137.832694817 9046.0548101225 11079.2026415942
"K20_2M2" 2941.90965299598 2109.51408477635 4018.65502354494 3513.22089080976 4631.69020863569 0 5698.04148547459 3311.64607667597 3447.38364071146 1282.27716705685 4428.36880198851 4307.97611006721 7855.66507836366 7620.33419851666 7973.51875496014 7314.18731109423 7162.69461235623 7714.45692396444 7229.86506660397 7086.32101382107 6977.65621663669 7194.79991234733 7483.46373146578 7608.43767636001 8750.62681514401 9582.81437154367 8133.78940213042 9612.74505053936 8465.83378591512 9545.86793487734 7599.36329716385 9202.49316298372 7643.43798822282 10182.0292538549 7901.32875766275 9231.20700151875
"K20_2S10" 6397.90396873475 4972.89166152477 2976.73445108669 3818.19085797173 7607.85747496248 5698.04148547459 0 4133.13794837504 6663.73127151419 5491.8920140049 3075.23267875412 3863.29483001608 8732.58299595323 9016.1106675057 7800.92070045378 7893.58977184755 8236.74336233565 8963.08521975565 7269.71010420102 7954.93078004567 8186.92993085385 8565.65586654039 7024.40750145309 8073.33331519494 10260.5355046798 10980.175262376 9017.0125840064 10082.1242816232 9877.39480868452 10960.314366365 8336.83003638327 9746.82928077612 9277.78423366234 11271.0557178077 8665.17345375793 9622.0043101055
"K20_2S2" 5047.14680201128 2802.11963599383 2827.62120644191 880.947835427475 6663.02458621898 3311.64607667597 4133.13794837504 0 5495.134907357 3221.75511109775 3952.34781302329 1558.42616728551 7987.01937435631 7917.24788102247 7375.38690473949 6745.00708203926 7501.59301554385 7862.09656186376 7013.26892505722 6627.9354174987 7459.54886715155 7458.00731767642 6787.09507585964 6840.92490118965 9429.19833933018 10135.5320673743 8182.31724609064 9054.02507412869 9018.10181034339 10131.8461556912 7607.48062222968 8652.19308854483 8333.15639766178 10547.2817234373 7758.65385884834 8600.49416599817
"K20_3M10" 1468.8059347026 4363.57943476293 4660.46936214351 5640.5236178022 1657.48041006829 3447.38364071146 6663.73127151419 5495.134907357 0 3017.80993746346 4446.01051689564 6370.28203058579 8694.83950403552 8650.1402894735 9120.85440388538 8664.4186895616 7926.36783564318 8922.37556927598 8017.88145748193 8337.74605370158 7352.00574615604 8276.33810812877 8828.64821884983 9117.51960599933 8575.38739220836 9827.01089597282 8247.95243904179 10455.304616682 8449.02752312979 9578.17247045378 7832.23255024637 10147.2829916033 7647.49972822853 10504.0716353476 8372.04457218387 10218.3639461844
"K20_3M2" 2537.48323992814 1985.32801954503 3556.61832318595 3456.19348820382 4244.1000383409 1282.27716705685 5491.8920140049 3221.75511109775 3017.80993746346 0 3957.15777218723 4106.44628515822 7794.92456147863 7632.59890565845 7917.84819734586 7300.34859809806 7165.38985890161 7770.13655250466 7181.07913910935 7071.79801907836 6874.28965886584 7200.47403094716 7475.0229680765 7611.16660961271 8692.40726768558 9633.36021281765 8056.56948477143 9605.80802550786 8413.33407110423 9537.80489050184 7551.34137919824 9228.12144827246 7667.2312940292 10206.3242602952 7913.28142329516 9250.2607776088
"K20_3S10" 4475.3871886924 4075.63405514509 2099.34390880107 3769.6243992767 5345.66865428439 4428.36880198851 3075.23267875412 3952.34781302329 4446.01051689564 3957.15777218723 0 4114.07861194454 8729.86317000721 8933.39276238539 8188.14193821842 8065.50956883293 8032.05671871307 8991.87586363209 7316.26030619814 8012.50589803904 7786.57995546272 8446.75874270925 7521.90194862248 8360.74799379501 9552.1615839981 10457.618720141 8461.17946599903 9957.84150481567 9260.4757479178 10343.0790043628 7860.75555179263 9612.93100406919 8523.52945372919 10876.4310636365 8238.5060689752 9576.02612546795
"K20_3S2" 5932.51598888408 3421.25774151476 3003.15922184052 1633.47196191843 7556.65072560911 4307.97611006721 3863.29483001608 1558.42616728551 6370.28203058579 4106.44628515822 4114.07861194454 0 8256.95897104997 8296.88933941497 7455.17273990154 7024.08355450285 7941.32627099565 8193.18984492716 7373.39368236513 6987.96536643237 7958.63148595476 7850.45278982314 6860.67825305566 7039.92421362921 10041.5002876088 10697.8760996405 8821.23296263833 9454.83467769947 9596.02609752858 10715.3028458582 8251.65933886722 9082.6339226502 9040.2081495847 11007.9729264626 8408.14207982459 8999.12639128438
"K21_1M10" 8196.76085250969 7145.71060377232 8011.60419572472 8116.4369555576 9544.86129578706 7855.66507836366 8732.58299595323 7987.01937435631 8694.83950403552 7794.92456147863 8729.86317000721 8256.95897104997 0 2400.172059051 3120.92278035057 3457.11530433892 2450.77459143068 2443.53353897078 3827.1202304336 3099.49721173912 2425.28393386567 2550.12324515664 3921.59754661475 3652.85403240856 5414.71281025447 6304.67470452341 5712.62915913204 6451.39357039726 5076.8799531775 6073.85658164453 5612.71250265024 6355.28893668269 5214.03979356204 6542.5588046714 5843.61632666071 6651.24136729162
"K21_1M2" 8150.04464106781 7052.77222382132 8259.45135262152 8088.13372540416 9480.97610245499 7620.33419851666 9016.1106675057 7917.24788102247 8650.1402894735 7632.59890565845 8933.39276238539 8296.88933941497 2400.172059051 0 4313.70326487006 2929.93839023985 2820.49373593497 1285.92278957096 4470.74383045966 2900.98286358059 3074.82026147119 1160.94142296947 4585.49179925336 3451.95707133573 6310.30482816172 6711.21333722913 6548.29212443671 6999.22501590548 6053.41968140125 6500.7802778635 6393.71452073224 6778.28663545004 6022.19080953466 7063.94590766601 6517.15099489165 6998.41416154004
"K21_1S10" 8646.57995041782 7133.79047749841 7440.32196083457 7389.10481360471 10077.1982352675 7973.51875496014 7800.92070045378 7375.38690473949 9120.85440388538 7917.84819734586 8188.14193821842 7455.17273990154 3120.92278035057 4313.70326487006 0 3335.68722925325 3754.14848436014 4325.80814090541 3259.0579798462 2940.83561221279 3869.68948697115 4295.74864362118 2821.43259579741 3360.23356554676 6321.31951663472 7407.54050600998 5281.08383585791 6089.32243844408 5954.61259960629 7295.00548966596 5104.24880226394 5954.90067688415 5947.34939259329 7607.36424646527 5323.63605894676 6156.90874062134
"K21_1S2" 8185.08963010687 6500.95226839307 7363.08181496674 6790.7186626551 9640.23378908672 7314.18731109423 7893.58977184755 6745.00708203926 8664.4186895616 7300.34859809806 8065.50956883293 7024.08355450285 3457.11530433892 2929.93839023985 3335.68722925325 0 3355.2541241382 2733.23451905494 3573.95948265021 1641.34515485412 3801.87883460323 2545.55676108865 3302.42890206776 1758.70069690371 6805.02755836226 7036.02573411072 5981.59876056712 5862.34986193612 6387.85361922345 6933.50657699256 5619.84840432473 5543.51040414831 6145.06157227066 7319.31792076126 5554.87042420518 5661.80632366084
"K21_2M10" 7480.89776727358 6635.84050546751 7531.51375123271 7557.44006017947 8747.11744469905 7162.69461235623 8236.74336233565 7501.59301554385 7926.36783564318 7165.38985890161 8032.05671871307 7941.32627099565 2450.77459143068 2820.49373593497 3754.14848436014 3355.2541241382 0 2785.89497676401 2916.29408619586 3161.80123004337 1958.20235403548 2616.17194258439 3534.4937658026 3824.03668963253 5569.31547733758 6310.03220477366 5513.18980666321 6562.41957950016 5234.31613889148 6132.48199206556 5142.2186967576 6264.7309185053 4718.3208256071 6720.14495949158 5324.13666798271 6563.64372483758
"K21_2M2" 8425.82775845502 7038.65751895412 8339.90434537419 7988.30969868051 9828.05534988454 7714.45692396444 8963.08521975565 7862.09656186376 8922.37556927598 7770.13655250466 8991.87586363209 8193.18984492716 2443.53353897078 1285.92278957096 4325.80814090541 2733.23451905494 2785.89497676401 0 4404.7682330835 2964.40442033955 3397.88770020368 1224.06261323878 4240.19396004963 3098.12288141338 6435.29266206062 6431.76521476451 6668.97853714055 6617.51340721515 6075.34618102538 6346.58355455061 6435.48104399002 6361.04835495194 5973.90549269227 6678.93653655633 6397.15678708378 6593.55227961222
"K21_2S10" 7630.50546662169 6612.08362341099 6880.08401317578 6940.82757575719 8866.84905655833 7229.86506660397 7269.71010420102 7013.26892505722 8017.88145748193 7181.07913910935 7316.26030619814 7373.39368236513 3827.1202304336 4470.74383045966 3259.0579798462 3573.95948265021 2916.29408619586 4404.7682330835 0 3416.24246912912 2877.20005728194 4113.82252624764 2221.93783953857 3859.02338657372 6300.0293075763 7187.73431119613 5285.7591259062 6525.7963972041 5918.28110740106 7032.22948431885 4716.62653957615 6204.41606122709 5262.29550803015 7536.12889275661 4911.75863145325 6433.8390119191
"K21_2S2" 7817.6142367775 6375.88781866554 7160.10532847862 6711.70182990992 9255.33862976371 7086.32101382107 7954.93078004567 6627.9354174987 8337.74605370158 7071.79801907836 8012.50589803904 6987.96536643237 3099.49721173912 2900.98286358059 2940.83561221279 1641.34515485412 3161.80123004337 2964.40442033955 3416.24246912912 0 3320.23946596257 2803.56029367444 3458.54072465614 1769.77125779656 6058.6113006766 6862.95797686911 5227.30153100946 5729.16624163472 5688.04967059441 6677.62860849598 5060.55332353543 5458.18994500648 5466.75574006181 7210.1319397569 5029.81882408821 5756.30564614392
"K21_3M10" 6891.34773656896 6558.9803574044 7208.58576648719 7552.56548922861 8051.69284855449 6977.65621663669 8186.92993085385 7459.54886715155 7352.00574615604 6874.28965886584 7786.57995546272 7958.63148595476 2425.28393386567 3074.82026147119 3869.68948697115 3801.87883460323 1958.20235403548 3397.88770020368 2877.20005728194 3320.23946596257 0 2938.43464988971 3972.08771053541 4319.99691238541 5044.5297449465 6329.27235223741 5108.79855311138 6840.26087307051 4749.34685919092 5973.51165113041 4802.15648154467 6627.355787116 4339.0407650068 6835.52306621824 5262.46624547689 6938.00639966435
"K21_3M2" 7784.17259399318 6569.86880574967 7839.1490190434 7601.13060333343 9156.32949024013 7194.79991234733 8565.65586654039 7458.00731767642 8276.33810812877 7200.47403094716 8446.75874270925 7850.45278982314 2550.12324515664 1160.94142296947 4295.74864362118 2545.55676108865 2616.17194258439 1224.06261323878 4113.82252624764 2803.56029367444 2938.43464988971 0 4177.62294715032 3209.17962464528 6327.35670524013 6502.00032758275 6463.79450541431 6795.50754773306 6004.84939703701 6369.16839278521 6186.70863258507 6519.6024492387 5833.16850846102 6852.8511628612 6273.0982870796 6702.49381397639
"K21_3S10" 8363.3188622918 6563.11748399382 6969.82547910562 6712.93458807035 9870.77434732653 7483.46373146578 7024.40750145309 6787.09507585964 8828.64821884983 7475.0229680765 7521.90194862248 6860.67825305566 3921.59754661475 4585.49179925336 2821.43259579741 3302.42890206776 3534.4937658026 4240.19396004963 2221.93783953857 3458.54072465614 3972.08771053541 4177.62294715032 0 3210.90078429057 7317.31768350949 7779.68204562635 6303.69582835381 6675.59173559043 6861.58478330814 7788.14068647664 5751.00675293971 6277.37072023174 6315.35333330728 7941.56409091664 5727.03812522801 6463.67136123651
"K21_3S2" 8601.65878959233 6622.01860929873 7576.59545670708 6892.49619144668 10140.1367671985 7608.43767636001 8073.33331519494 6840.92490118965 9117.51960599933 7611.16660961271 8360.74799379501 7039.92421362921 3652.85403240856 3451.95707133573 3360.23356554676 1758.70069690371 3824.03668963253 3098.12288141338 3859.02338657372 1769.77125779656 4319.99691238541 3209.17962464528 3210.90078429057 0 6950.02696469636 7265.99986004637 6150.56024831364 5705.23147035288 6533.55494517881 7157.5783103604 5942.25219825002 5419.63791202261 6327.06838907222 7377.34886619222 5628.45206081942 5726.21432843082
"K22_1M10" 8316.88309518031 8553.02212931867 9077.16876007187 9476.64529646292 8999.88789789203 8750.62681514401 10260.5355046798 9429.19833933018 8575.38739220836 8692.40726768558 9552.1615839981 10041.5002876088 5414.71281025447 6310.30482816172 6321.31951663472 6805.02755836226 5569.31547733758 6435.29266206062 6300.0293075763 6058.6113006766 5044.5297449465 6327.35670524013 7317.31768350949 6950.02696469636 0 3954.3040440763 3316.39703577159 5573.8354431719 1171.35709659285 3546.83912303129 3794.74993916948 5693.27288087711 2545.37300691202 4515.4801644679 4269.54880985318 6202.9162033979
"K22_1M2" 9629.14080356549 9308.17850893208 10159.9292352001 10129.0203352384 10404.2791853785 9582.81437154367 10980.175262376 10135.5320673743 9827.01089597282 9633.36021281765 10457.618720141 10697.8760996405 6304.67470452341 6711.21333722913 7407.54050600998 7036.02573411072 6310.03220477366 6431.76521476451 7187.73431119613 6862.95797686911 6329.27235223741 6502.00032758275 7779.68204562635 7265.99986004637 3954.3040440763 0 5416.34480999358 4933.41376531979 3643.12215986391 1719.73245823113 5475.13932261726 4950.05427752968 4267.63678369569 1364.66810600382 5214.73036816345 5276.06331491401
"K22_1S10" 8006.0427074729 7928.89530575222 7928.41507175717 8143.54571279165 8790.21642543585 8133.78940213042 9017.0125840064 8182.31724609064 8247.95243904179 8056.56948477143 8461.17946599903 8821.23296263833 5712.62915913204 6548.29212443671 5281.08383585791 5981.59876056712 5513.18980666321 6668.97853714055 5285.7591259062 5227.30153100946 5108.79855311138 6463.79450541431 6303.69582835381 6150.56024831364 3316.39703577159 5416.34480999358 0 4310.48546114864 3262.72910485003 5067.37290657195 1499.67765471702 4296.63403932279 3126.42770983545 5999.93133258309 2017.70595008944 4703.35990013489
"K22_1S2" 10213.9679521442 8995.26987200107 9466.29270092799 8958.80666642973 11261.6102652078 9612.74505053936 10082.1242816232 9054.02507412869 10455.304616682 9605.80802550786 9957.84150481567 9454.83467769947 6451.39357039726 6999.22501590548 6089.32243844408 5862.34986193612 6562.41957950016 6617.51340721515 6525.7963972041 5729.16624163472 6840.26087307051 6795.50754773306 6675.59173559043 5705.23147035288 5573.8354431719 4933.41376531979 4310.48546114864 0 5182.97373502059 4891.71185041248 4464.87972879526 1199.01603941606 5438.21186979657 4959.54300889927 3496.08931080685 1663.41739422052
"K22_2M10" 8152.06825640055 8194.69476654043 8744.33335876307 9046.22863033374 8952.7965474806 8465.83378591512 9877.39480868452 9018.10181034339 8449.02752312979 8413.33407110423 9260.4757479178 9596.02609752858 5076.8799531775 6053.41968140125 5954.61259960629 6387.85361922345 5234.31613889148 6075.34618102538 5918.28110740106 5688.04967059441 4749.34685919092 6004.84939703701 6861.58478330814 6533.55494517881 1171.35709659285 3643.12215986391 3262.72910485003 5182.97373502059 0 3310.80531155286 3522.74534567508 5285.1400089908 2171.71659308292 4164.02725989878 3968.03829577508 5799.45488449303
"K22_2M2" 9389.95164797009 9253.28977730307 10025.7466581221 10144.772629154 10088.318686906 9545.86793487734 10960.314366365 10131.8461556912 9578.17247045378 9537.80489050184 10343.0790043628 10715.3028458582 6073.85658164453 6500.7802778635 7295.00548966596 6933.50657699256 6132.48199206556 6346.58355455061 7032.22948431885 6677.62860849598 5973.51165113041 6369.16839278521 7788.14068647664 7157.5783103604 3546.83912303129 1719.73245823113 5067.37290657195 4891.71185041248 3310.80531155286 0 5208.08069819592 5032.14239355172 4042.11632510202 2256.78334844863 5096.50595666291 5317.22766557781
"K22_2S10" 7583.51439587209 7409.49912687065 7392.10677744189 7514.29544640744 8437.2728887013 7599.36329716385 8336.83003638327 7607.48062222968 7832.23255024637 7551.34137919824 7860.75555179263 8251.65933886722 5612.71250265024 6393.71452073224 5104.24880226394 5619.84840432473 5142.2186967576 6435.48104399002 4716.62653957615 5060.55332353543 4802.15648154467 6186.70863258507 5751.00675293971 5942.25219825002 3794.74993916948 5475.13932261726 1499.67765471702 4464.87972879526 3522.74534567508 5208.08069819592 0 4268.92643685098 2997.17390158555 6100.49780528282 1700.48166595006 4553.25826478114
"K22_2S2" 9881.86804617245 8619.72143771663 9142.16843134136 8539.91787612436 10986.9543880543 9202.49316298372 9746.82928077612 8652.19308854483 10147.2829916033 9228.12144827246 9612.93100406919 9082.6339226502 6355.28893668269 6778.28663545004 5954.90067688415 5543.51040414831 6264.7309185053 6361.04835495194 6204.41606122709 5458.18994500648 6627.355787116 6519.6024492387 6277.37072023174 5419.63791202261 5693.27288087711 4950.05427752968 4296.63403932279 1199.01603941606 5285.1400089908 5032.14239355172 4268.92643685098 0 5231.38248784957 5078.2536380511 3176.47507502332 1363.19702665517
"K22_3M10" 7358.41647757462 7546.59054856574 8107.27795312506 8311.39801009052 8163.56929444756 7643.43798822282 9277.78423366234 8333.15639766178 7647.49972822853 7667.2312940292 8523.52945372919 9040.2081495847 5214.03979356204 6022.19080953466 5947.34939259329 6145.06157227066 4718.3208256071 5973.90549269227 5262.29550803015 5466.75574006181 4339.0407650068 5833.16850846102 6315.35333330728 6327.06838907222 2545.37300691202 4267.63678369569 3126.42770983545 5438.21186979657 2171.71659308292 4042.11632510202 2997.17390158555 5231.38248784957 0 4965.11120358228 3265.80962188623 5780.1748023946
"K22_3M2" 10293.7228212736 9720.10049615872 10578.6305471579 10533.6952015243 11137.832694817 10182.0292538549 11271.0557178077 10547.2817234373 10504.0716353476 10206.3242602952 10876.4310636365 11007.9729264626 6542.5588046714 7063.94590766601 7607.36424646527 7319.31792076126 6720.14495949158 6678.93653655633 7536.12889275661 7210.1319397569 6835.52306621824 6852.8511628612 7941.56409091664 7377.34886619222 4515.4801644679 1364.66810600382 5999.93133258309 4959.54300889927 4164.02725989878 2256.78334844863 6100.49780528282 5078.2536380511 4965.11120358228 0 5733.42068346082 5436.58680764386
"K22_3S10" 8135.61319921569 7624.24498798832 7815.25782049764 7637.90722252352 9046.0548101225 7901.32875766275 8665.17345375793 7758.65385884834 8372.04457218387 7913.28142329516 8238.5060689752 8408.14207982459 5843.61632666071 6517.15099489165 5323.63605894676 5554.87042420518 5324.13666798271 6397.15678708378 4911.75863145325 5029.81882408821 5262.46624547689 6273.0982870796 5727.03812522801 5628.45206081942 4269.54880985318 5214.73036816345 2017.70595008944 3496.08931080685 3968.03829577508 5096.50595666291 1700.48166595006 3176.47507502332 3265.80962188623 5733.42068346082 0 3672.79667316436
"K22_3S2" 9980.68629863114 8665.04245224102 9115.45242396434 8484.76639469046 11079.2026415942 9231.20700151875 9622.0043101055 8600.49416599817 10218.3639461844 9250.2607776088 9576.02612546795 8999.12639128438 6651.24136729162 6998.41416154004 6156.90874062134 5661.80632366084 6563.64372483758 6593.55227961222 6433.8390119191 5756.30564614392 6938.00639966435 6702.49381397639 6463.67136123651 5726.21432843082 6202.9162033979 5276.06331491401 4703.35990013489 1663.41739422052 5799.45488449303 5317.22766557781 4553.25826478114 1363.19702665517 5780.1748023946 5436.58680764386 3672.79667316436 0
